The program assumes both pdb files start with the same aminoacid. Please check for hydrogens.
Below are the RMSD values residue by residue
37.462643
34.088623
31.993763
27.998796
26.441381
30.183865
27.445686
23.514236
18.316616
15.131217
16.170492
12.979220
7.587193
5.970520
4.704834
5.258466
4.919548
6.741125
3.762376
3.967636
3.353216
3.073027
2.336281
2.533364
2.492275
2.557750
2.255635
2.438450
2.350756
2.421170
3.122302
2.246879
2.051246
1.472584
1.205450
0.637586
0.325443
0.498527
0.904167
1.312373
1.595334
2.066413
2.290851
2.289117
2.378354
1.905564
1.581142
1.636326
1.687222
1.106818
0.879864
1.359559
1.453280
0.840511
1.134156
1.736974
1.585854
1.625134
2.166303
1.924358
2.179929
2.016287
2.215541
1.655556
1.330608
1.507910
1.647103
1.981019
2.287339
2.254483
2.319244
2.543171
2.928927
3.184459
3.358083
2.447652
1.909535
1.358883
0.956633
0.700968
0.720052
1.144211
1.297981
1.833251
2.072891
2.423654
1.918707
1.982865
2.103748
1.704564
1.289040
1.506727
1.231542
0.771675
0.848020
1.069250
0.453633
0.988964
0.996885
1.111016
0.654834
0.799193
1.277442
1.269599
1.450068
1.049102
1.086944
1.088003
1.102816
1.540038
1.673871
2.284542
2.223704
2.615888
2.969736
1.991134
1.856857
1.685960
1.642348
1.107855
0.725970
0.180569
0.343680
0.728915
0.792663
1.186589
0.780458
0.668872
1.269770
1.377190
1.375318
1.397290
1.928740
2.144841
2.623236
4.382883
2.652162
4.637022
3.360214
1.340333
3.650175
3.302971
1.213583
3.117903
4.206017
2.858143
3.011587
3.140989
3.665395
4.160673
3.788226
3.902572
3.698766
3.182396
3.409623
3.552562
2.892817
2.666432
3.017365
2.908054
2.336128
2.381707
2.717615
2.425403
1.918086
2.176554
2.384015
1.931154
1.933170
1.522936
1.657590
2.127028
2.185216
1.868665
2.307717
2.246986
2.354298
2.533995
2.250766
2.353361
2.178676
2.105933
1.726168
1.523584
1.433790
1.292399
0.878606
0.691722
0.751454
0.526134
0.074835
0.102654
0.589947
0.795386
0.823016
0.947839
1.356174
1.521780
2.019511
2.206162
2.340585
1.980775
2.311878
2.513112
2.208681
1.744092
1.935059
2.249490
1.807648
1.485735
1.765319
1.890554
1.450917
1.462609
2.016321
2.220873
1.514472
1.548749
1.110007
1.084047
0.737580
1.675185
1.452318
1.258543
1.293400
1.577720
1.279585
1.647802
1.720562
1.242679
1.258885
1.851471
1.774115
1.461571
1.703738
2.188412
2.076372
1.863685
1.681580
1.163905
0.997468
0.727183
0.879370
1.215774
1.325207
1.928610
1.927812
1.859131
1.722856
1.812185
1.702836
1.394773
1.129421
0.981543
1.071476
0.758568
0.271927
0.705574
0.894250
0.718728
0.860985
0.424707
0.092608
0.397975
0.785228
1.072891
1.358813
1.711717
1.506565
1.771752
2.259259
2.070570
2.414560
2.078451
1.549691
1.595772
1.951529
1.987319
2.465115
2.055849
1.357389
1.178301
0.858349
0.604723
0.730560
0.305572
0.147232
0.297604
0.726117
0.663031
0.643546
1.117702
1.423817
1.169563
1.577392
1.971890
2.224561
2.425262
1.985464
1.635156
2.014006
2.096952
1.486543
1.378334
1.885794
1.758979
1.213320
1.386188
1.846662
1.593194
1.203204
1.456454
1.974839
2.377282
2.516841
2.918612
2.653846
2.289928
2.620544
2.798097
2.329884
2.212831
2.653495
2.549855
2.038877
2.227842
2.641602
2.308221
1.684618
1.741001
2.184246
2.436608
2.743078
2.976894
3.547089
3.533090
4.155553
4.425148
3.872816
3.391339
2.687252
2.310730
1.981049
1.824236
1.266740
1.556905
1.785649
1.256220
0.990728
1.431069
1.767687
2.056690
2.374952
2.138701
2.415692
2.816743
2.873973
3.054019
3.505166
4.057869
4.052483
3.787396
4.047856
3.902340
4.014024
3.934278
3.580862
3.861623
3.388013
3.799275
4.042530
3.431686
3.262477
3.629325
3.736222
3.860553
3.596788
3.468773
3.054863
3.118624
2.830012
2.986933
3.255552
3.812362
3.640595
3.307590
3.329999
3.361198
3.221895
3.572916
3.169182
2.745415
3.013413
3.297645
2.914388
2.753656
3.127176
3.233783
2.699927
2.750169
3.221833
3.060068
2.614196
2.917973
3.188461
2.730848
2.709438
2.171717
2.082963
1.907682
1.965497
1.571304
1.782900
1.527472
1.870716
2.022711
2.312889
1.972525
1.480087
1.170777
1.063862
1.453848
1.410817
1.962405
2.178037
2.534618
3.056858
2.912172
7.900145
5.654544
6.698934
11.642912
12.345702
10.911787
13.518079
15.723684
13.498993
12.359120
15.806720
15.742041
12.148035
12.268852
13.928411
11.421821
8.959686
10.838922
9.794000
8.986801
8.978182
8.392750
8.592970
10.646712
RMSD
Copy/paste all the input until here to the appropriate column.
Groupcount of wildtype is:
453
Groupcount of mutated is:
453
If the two preceding values are not the same than you have OXT (oxygen) and hydrogen atoms either in the end or beginning. Proceed with caution
Overall RMSD is:
5.500776
Please copy paste the value above in the appropriate cell
Thank you.
