The program assumes both pdb files start with the same aminoacid. Please check for hydrogens.
Below are the RMSD values residue by residue
27.981737
29.025946
31.316782
35.970127
35.671005
36.284924
40.049969
41.141338
38.817318
39.545475
45.133514
46.896755
41.955566
44.072086
41.477642
36.517460
36.748955
38.032101
37.445232
37.893368
37.861717
32.109879
33.415127
33.554562
39.151840
40.166847
38.492802
39.585171
45.968555
46.153320
40.190567
38.805305
42.915035
41.299114
44.084106
50.679745
50.946926
49.786858
51.671871
50.966217
49.082310
47.066505
46.590519
40.933800
39.902512
42.629421
37.690502
33.459698
36.980698
35.731453
29.245569
30.020243
34.590054
30.557989
26.180082
31.290529
34.501881
29.768869
29.334354
27.979214
30.726030
32.881878
30.507198
32.492222
39.240875
39.026611
34.282066
37.554974
44.210545
42.789215
42.897015
41.420364
40.100826
38.434780
35.439056
33.174232
26.331125
26.344488
30.164408
25.360767
20.555809
25.706656
27.007137
21.568310
22.942223
20.127367
19.837149
24.459150
25.372124
25.463381
25.602821
25.609976
23.519573
27.010736
21.415937
20.996170
15.924116
15.443344
13.010385
10.971549
11.616591
11.130019
13.687213
13.252682
13.889658
17.824575
20.199486
20.761755
21.827635
24.614208
25.941807
26.804705
28.710081
33.661526
34.239384
37.475750
39.330677
40.309601
35.750904
33.366035
35.565418
34.042171
30.269344
32.285851
27.167498
22.052355
22.984676
21.774782
17.020203
18.452560
23.570610
21.646551
15.907040
19.559549
24.238329
21.902889
21.831911
22.085758
17.274725
20.146881
24.514856
20.676563
18.498549
24.389793
27.863720
24.696629
23.824509
26.691898
25.084997
22.407087
22.726936
23.964771
22.655468
20.836054
23.544340
19.761259
22.096014
18.803270
24.241335
24.023758
26.269934
28.034163
27.525658
24.207294
17.206438
15.126974
10.581389
7.993934
3.621108
5.715342
12.073159
10.985579
12.896876
13.059771
14.908443
17.792450
22.070513
26.322529
27.439304
25.263577
25.082933
20.303080
16.195646
14.739423
15.062816
15.962049
14.930618
13.632030
15.627088
19.980431
21.070650
20.529837
23.700270
27.053581
29.854084
34.500153
30.434505
28.145773
26.377111
23.305246
21.511250
18.080633
17.436956
18.612822
18.964659
20.507896
18.132635
21.713211
24.816631
28.729656
29.004732
32.372849
30.284931
30.822781
30.200954
32.923805
37.167946
34.715130
31.956038
28.964758
24.408514
22.510736
21.146984
17.753918
17.171455
11.412078
12.733601
16.423853
18.115694
17.945581
13.758922
11.490088
11.168245
6.904224
7.732697
5.333704
7.003133
8.936585
9.209411
10.412674
10.668196
10.226972
5.921731
11.472918
15.537783
19.534927
21.564449
21.483601
19.437904
20.302494
19.737862
20.349525
24.536385
24.997492
23.726505
23.517273
24.087839
30.464830
29.489895
28.665482
25.150606
21.200169
21.072123
22.589058
25.641056
27.525455
25.200195
24.408911
26.210138
22.664511
19.744770
23.357050
23.664162
19.043911
19.483171
22.559765
19.803602
17.437391
21.005344
21.762232
17.872154
18.023167
21.888046
20.405766
17.001377
20.146181
21.805965
18.049307
17.685055
21.665129
20.435863
16.731026
19.444981
21.723057
18.058163
16.731104
20.632828
20.661098
16.610996
17.525509
21.043592
18.906231
15.716274
18.993324
19.916592
16.634401
14.408816
11.758052
10.918580
12.161244
13.362917
14.755619
12.356667
14.327046
15.148450
12.707887
14.657531
12.503559
11.164308
13.609275
13.660834
11.141361
12.869576
14.757571
12.620263
12.076319
15.257595
15.041448
12.291365
14.767303
17.605301
15.562305
14.026422
18.040432
18.851835
15.282693
17.042414
20.989853
19.472630
16.977312
21.135738
23.508368
20.499693
21.053236
25.847532
25.650160
23.220467
18.908981
15.279178
14.668239
11.839532
11.113035
12.836699
13.123567
11.124681
10.498901
12.171875
12.945899
11.434519
10.496675
12.533814
13.884877
12.191668
11.324671
14.037266
14.929523
12.317960
12.642204
15.919356
15.348054
12.433318
14.719043
17.171225
14.468251
12.932700
16.656218
16.688877
20.945446
22.388454
20.882717
23.760426
27.347811
30.493824
31.118183
26.696442
26.085106
21.736341
23.993830
26.500845
22.579166
21.143452
25.349447
24.815582
20.156410
21.208857
23.102631
19.083481
17.945423
21.595343
22.745253
20.595631
18.522924
18.615026
15.709953
17.519634
16.735228
12.958114
13.395390
15.108947
12.273378
11.654583
14.526967
13.800258
11.800560
14.365071
17.129309
15.017167
16.628422
20.419882
19.586697
21.900557
RMSD
Copy/paste all the input until here to the appropriate column.
Groupcount of wildtype is:
421
Groupcount of mutated is:
422
If the two preceding values are not the same than you have OXT (oxygen) and hydrogen atoms either in the end or beginning. Proceed with caution
Overall RMSD is:
25.097330
Please copy paste the value above in the appropriate cell
Thank you.
