The program assumes both pdb files start with the same aminoacid. Please check for hydrogens.
Below are the RMSD values residue by residue
20.725172
24.501867
28.689413
26.648628
21.970098
16.383041
12.787800
10.437049
8.491618
9.791298
8.077483
6.707813
3.099600
2.908491
2.816747
4.023296
4.997907
4.673109
2.171948
1.531613
1.662652
1.531766
1.250998
1.225290
1.052476
1.094229
0.792967
0.776995
0.714307
0.749891
1.103783
0.986811
0.563601
0.297393
0.377336
0.404563
0.590076
0.863800
0.943085
1.156578
0.918663
1.399831
1.470871
1.617909
1.238325
0.885210
0.898986
0.822958
0.637892
0.497727
0.511955
0.411748
0.306904
0.244189
0.040588
0.141710
0.189951
0.334545
0.415072
0.218859
0.417561
0.440098
0.372355
0.299107
0.379220
0.679870
0.697293
0.910305
1.251100
1.311758
1.538020
1.578927
1.532892
1.850807
0.803337
1.044156
1.125797
0.903280
0.689056
0.570907
0.390504
0.223215
0.154254
0.271775
0.722101
0.692841
0.489544
0.725655
1.019882
0.681058
0.612245
0.873204
0.877489
0.706429
0.888852
1.184991
0.976347
0.687278
1.047293
1.243034
0.956219
1.048284
1.161634
1.125193
1.217562
0.993309
1.010713
0.868845
0.729867
0.700500
0.741176
0.914637
1.028573
1.033658
1.241230
1.619476
1.089761
1.109481
0.949013
0.679595
0.666904
0.598979
0.788596
0.832823
0.859549
0.763675
0.671204
0.435406
0.438964
0.381602
0.271423
0.297129
0.526346
0.534791
1.477597
1.692851
1.883144
1.845535
1.028425
2.375228
3.083438
2.581713
2.474519
3.323536
2.926838
1.076317
1.082844
1.319721
1.376461
1.576593
1.521424
1.710499
1.625757
1.336676
1.452702
1.550352
1.403414
1.131160
1.210744
1.301858
1.055783
0.921534
1.077443
1.033671
0.818513
0.889333
1.109965
0.997760
0.794660
0.797739
1.429695
1.509557
1.626614
1.391725
1.534735
1.692287
1.606246
1.716882
1.476691
1.555855
1.467891
1.297249
1.145454
1.196317
1.027889
0.732247
0.723351
0.841664
0.509230
0.373805
0.688745
0.794787
0.654250
0.773964
1.038723
1.072145
1.165608
1.400633
1.689454
1.767281
1.637130
1.611502
1.868159
2.067831
1.929269
1.651002
1.826916
2.003045
1.855905
1.636867
1.835757
1.956107
1.677134
1.739037
2.018409
1.887791
1.873866
1.727926
1.409449
1.470984
1.103839
1.289786
1.399758
1.200494
1.330604
1.422159
1.250144
1.425448
1.728703
1.470517
1.419881
1.796632
1.868722
1.653262
1.823448
2.115508
2.110622
1.976941
1.789960
1.449017
1.237138
1.001623
0.753180
0.664680
0.397899
0.548388
0.400627
0.291335
0.273839
0.596999
0.790256
0.900279
0.431410
0.507857
0.857489
0.806882
0.761307
0.992624
1.202648
1.197246
1.299780
1.014074
0.768868
0.439271
0.505013
0.376958
0.738708
0.751994
0.657653
0.586703
0.754491
0.830308
0.950781
0.549182
0.413311
0.295503
0.383490
0.429760
0.557322
0.417991
0.227388
0.237748
0.506921
0.458592
0.338797
0.509542
0.791270
0.827884
0.821826
0.947725
1.116163
1.396996
1.486505
1.435542
1.735177
1.788211
2.102665
2.155062
1.809505
1.660136
1.837079
1.779361
1.532337
1.474944
1.641507
1.437323
1.181942
1.409588
1.541484
1.215099
1.122263
1.140921
1.345698
1.425548
1.435002
1.731954
1.658925
1.404913
1.493025
1.714079
1.506722
1.321664
1.578434
1.671424
1.396898
1.347345
1.648458
1.573120
1.324116
1.126502
1.379664
1.663733
1.896029
2.063489
2.377105
2.510326
3.050318
3.075012
2.889977
2.225754
1.947845
1.644059
1.518115
1.297431
0.968428
0.872665
1.085881
0.979271
0.575842
0.475926
0.661874
0.754341
1.151648
1.171963
1.294127
1.538027
1.684380
1.898431
2.022370
2.435518
2.326566
2.182682
2.406108
2.361092
2.574392
2.589627
2.357933
2.470859
2.256872
2.523156
2.346703
2.112409
2.068862
2.124625
2.129158
2.052572
1.805854
1.562692
1.280234
1.401945
1.253443
1.399620
1.626968
1.967057
2.097188
1.945781
2.117351
2.223917
2.242100
2.539772
2.366585
2.129657
2.399333
2.504421
2.191598
2.081982
2.383400
2.347332
2.020734
2.124899
2.430773
2.247409
1.958662
2.164614
2.238729
2.004615
1.867900
1.670240
1.652595
1.639101
1.698552
1.589074
1.635153
1.558045
1.772398
1.594631
1.985490
1.460766
1.310508
1.254325
1.256878
1.405704
1.390696
1.689008
1.765127
2.003205
2.560216
8.196642
11.272833
6.917427
4.843359
10.909278
9.092275
2.597312
7.257837
7.391122
2.204895
5.200292
7.949178
3.734498
6.584703
11.517733
9.796322
9.981552
15.860553
17.919193
15.574319
21.035360
25.389429
23.769243
23.901436
30.371965
RMSD
Copy/paste all the input until here to the appropriate column.
Groupcount of wildtype is:
453
Groupcount of mutated is:
453
If the two preceding values are not the same than you have OXT (oxygen) and hydrogen atoms either in the end or beginning. Proceed with caution
Overall RMSD is:
4.662699
Please copy paste the value above in the appropriate cell
Thank you.
