The program assumes both pdb files start with the same aminoacid. Please check for hydrogens.
Below are the RMSD values residue by residue
34.040565
36.728840
35.896946
39.697544
39.880238
42.299305
38.910358
33.424717
35.068626
34.613861
33.779995
34.682400
35.227512
34.942898
38.396809
35.454056
29.979031
29.817007
32.891575
32.742222
33.001106
32.939651
31.071985
29.922058
28.346073
27.407942
26.905830
33.062477
32.956238
36.364986
35.957718
33.313557
32.816505
31.438725
33.495232
31.981037
33.009701
33.492580
36.789265
36.608723
39.793968
44.792427
46.414238
42.509834
40.994743
47.056046
44.871990
43.718197
49.702118
51.482525
55.101738
52.277122
58.095684
61.396477
55.277622
53.667641
57.294643
54.880993
51.145077
49.468872
44.244419
42.729500
36.352856
37.095413
36.131588
34.599079
34.489620
40.414307
38.003887
31.993361
29.776567
24.095659
17.804092
11.834803
5.153577
5.869817
8.837080
8.031243
11.895884
12.761233
10.700371
9.770497
7.053467
3.412799
5.235790
4.407896
4.507273
4.431066
6.484718
7.206003
8.335190
8.801870
10.065139
10.766615
10.319005
9.482831
8.929140
7.717934
6.900543
5.852698
5.362216
3.893444
4.166768
4.712350
5.022623
5.265518
5.468574
5.997008
6.235214
6.706435
6.804785
7.003044
7.167273
8.312225
9.149864
9.461591
8.548452
8.894996
8.598094
8.400725
7.548336
7.105793
6.415253
7.409473
7.806367
6.738926
6.679281
7.299701
8.089723
8.686409
9.823980
10.352733
11.742251
11.342166
11.189509
11.834206
11.404527
11.011142
10.948975
10.670819
10.200570
9.860802
9.142014
8.433420
7.355328
6.325169
5.545769
4.581888
4.055320
2.809121
3.831700
4.462061
5.039412
6.241365
6.591831
8.058352
8.578183
8.735652
9.468144
9.842335
10.224947
10.035584
8.895161
8.600517
7.840902
7.441808
8.854541
8.920162
8.969433
9.726730
10.149287
9.154259
8.745754
8.156377
7.745081
8.254567
7.644875
8.229127
7.390932
6.670218
6.079225
5.936712
4.648448
5.096809
5.242093
4.992776
3.834676
4.010705
4.722802
4.988259
5.765487
5.910545
5.433892
6.144192
6.229665
6.283517
5.829985
6.391097
6.814379
5.795392
5.206270
6.083385
6.233608
7.220627
7.505233
7.881719
8.179958
7.313854
7.743668
7.729492
7.900515
8.657025
8.842213
8.956339
9.518799
8.968465
9.034721
8.563087
8.390049
8.394679
8.434479
8.208184
7.935482
7.824684
7.347717
6.925020
6.804008
6.273461
6.679220
7.326723
4.557493
10.691494
12.668861
6.668404
9.427320
11.234523
9.415277
9.891447
6.502410
6.222961
6.555028
8.766788
10.697935
8.037292
8.158983
8.043904
7.988194
8.509612
8.579191
8.463247
7.420836
7.568651
7.686821
7.659563
7.880530
7.494203
7.201187
6.964938
6.642762
6.465523
6.099119
6.344110
6.281775
6.390885
5.990646
5.820499
6.103724
5.994383
6.187664
6.233605
6.015862
6.090635
5.667152
5.073236
4.905941
4.128104
4.424174
5.166324
5.136493
5.115351
3.952236
3.516045
4.336149
4.912337
5.871230
5.710701
5.387513
5.518160
5.484872
5.702851
5.973125
5.686123
6.149089
5.876233
5.447741
5.753761
4.719028
4.882350
4.108684
4.191365
4.014434
3.434763
3.880191
4.296082
3.538841
3.226533
3.881978
3.808782
2.918412
3.590962
3.716028
3.233834
3.230140
2.700566
2.452498
3.456770
4.870192
6.235257
4.255737
4.120039
2.887544
2.993352
2.830143
3.338572
3.646405
3.110909
3.143867
4.406851
5.432062
4.481929
4.003371
4.079476
4.490811
4.403055
5.321593
5.577556
6.023849
6.305299
7.120469
7.321513
6.811092
6.180091
5.879641
5.304320
4.647146
4.294705
3.785433
3.758364
3.870997
3.734339
3.177823
3.013346
1.809243
3.247117
5.843875
6.503676
8.594011
10.210007
9.638493
7.241120
6.227980
3.755110
3.143747
3.187079
3.493059
3.558758
3.055690
3.197059
4.903552
3.476513
7.447670
6.781862
10.164207
11.767876
10.804062
11.260555
9.455797
6.356398
5.260120
5.098533
5.445750
5.297640
5.461727
4.993363
5.557847
6.026608
5.739013
5.881696
6.244242
6.793613
6.800693
7.209074
7.233941
7.327984
7.224502
7.677631
7.687509
7.233661
6.968312
6.932788
7.055161
6.862233
6.894647
6.814240
6.797346
6.838778
RMSD
Copy/paste all the input until here to the appropriate column.
Groupcount of wildtype is:
407
Groupcount of mutated is:
406
If the two preceding values are not the same than you have OXT (oxygen) and hydrogen atoms either in the end or beginning. Proceed with caution
Overall RMSD is:
17.877131
Please copy paste the value above in the appropriate cell
Thank you.
