The program assumes both pdb files start with the same aminoacid. Please check for hydrogens.
Below are the RMSD values residue by residue
22.983196
23.629677
17.775185
16.275827
19.402378
17.391298
10.338294
7.246461
13.876765
15.406810
13.703095
18.382204
23.024498
22.489658
26.847416
27.434530
22.362207
24.097919
31.001476
32.830990
33.446819
36.573212
38.519814
35.899475
35.382652
39.324078
37.502716
37.665424
35.195885
36.228100
38.381107
38.062412
37.513096
35.314766
34.813618
30.303278
31.855179
31.902575
34.905354
35.115685
37.625340
42.320877
42.310276
39.647263
40.237938
43.997231
41.574894
41.067169
46.823647
48.310959
52.133400
49.753624
53.503418
58.640327
55.259361
53.434654
60.061676
59.396233
55.402214
52.859528
48.934265
44.327339
38.305454
38.946751
40.176029
33.783073
31.085567
37.689281
37.938938
38.926491
39.838818
33.444168
27.382885
22.117790
18.046717
19.929064
23.460449
21.295851
17.402506
13.517867
10.490372
7.895805
4.503635
5.176799
7.260557
6.202604
6.141605
6.299525
6.500008
6.163262
6.769399
6.784209
7.301830
8.475463
8.002266
7.967370
7.499198
7.153682
6.600706
6.238928
5.911023
5.237401
5.065149
4.434122
4.179182
3.541360
3.753740
4.004504
4.141848
4.985902
5.129446
5.670798
5.924287
6.672436
7.377735
7.115590
6.541644
7.074718
7.364989
7.296017
6.271752
6.647007
6.241872
6.400853
7.652105
7.051340
6.892869
7.027172
7.069230
6.950297
7.567702
7.291295
8.349014
8.428830
7.877915
8.132760
7.430014
6.955685
6.639147
6.389937
5.914351
5.818461
5.300570
5.071005
4.351719
3.892469
3.846743
3.318189
3.188062
2.265274
0.911728
3.578381
3.462619
4.309596
4.636028
5.265190
5.481460
5.367434
5.920487
6.173910
6.568914
6.790010
6.366096
6.419723
6.379871
5.623544
7.442751
6.503631
6.372265
6.231755
6.231994
5.670603
5.352528
5.503050
5.408434
5.957641
5.678716
6.266742
5.362967
3.796866
8.242080
6.453453
4.703871
5.477105
5.916460
5.680073
5.736659
5.439856
6.488133
6.158417
6.038991
5.592463
5.097927
5.337717
4.801354
4.822460
4.178211
3.429827
3.269558
2.273241
2.620225
3.091869
3.215591
3.407438
3.572265
4.411884
4.630114
4.652259
5.259598
5.097070
4.738410
5.219406
5.488532
5.443900
5.579104
4.926281
4.480255
4.038761
5.011849
5.686196
5.434677
5.174704
5.641955
6.084822
6.481132
6.655521
7.459928
7.617721
8.807858
11.147514
7.452590
10.556025
16.369818
14.012431
9.915165
11.785521
9.393845
9.765096
8.773629
7.568214
7.067470
8.991301
10.131853
6.873847
6.122897
6.741510
7.481845
8.733782
9.158016
9.821622
8.848133
8.492727
8.628044
8.472123
7.905726
7.233868
6.389845
5.777110
5.048168
4.499344
3.839274
3.496375
2.948063
3.302411
2.747206
3.018431
4.255722
4.107924
4.377414
4.245308
4.400880
4.402121
4.164306
3.971319
4.071117
3.904905
4.298173
3.950119
3.223072
3.980103
2.103803
2.498719
2.654300
2.795234
2.855979
3.080114
2.970561
3.325828
3.821929
4.212195
4.591241
4.575500
5.357851
5.223774
5.296424
6.955742
5.350935
4.697350
3.899722
3.460995
3.407419
3.070730
2.636601
3.212241
3.436576
2.791639
2.817334
2.955839
2.560553
2.920539
3.480810
3.579264
3.173518
3.540431
3.610290
3.261260
2.022258
3.971137
4.942571
4.368966
3.948897
4.246612
4.173289
5.083899
6.023944
5.316582
4.767735
6.261635
6.726649
5.084694
4.638707
4.662419
5.067265
4.493220
4.763863
4.865188
5.113554
5.225413
5.477806
5.884292
6.323186
5.438509
5.512437
5.627589
5.584708
5.582283
5.421436
5.908616
5.940529
5.713377
5.556023
5.902071
4.777194
5.566369
6.466824
7.933167
7.092313
8.936131
12.958750
10.287038
7.582081
6.825692
5.812634
5.174856
5.314334
4.442364
3.944928
3.573301
4.511364
3.733210
5.042611
6.035037
7.694510
7.377856
7.090112
5.778040
6.209978
2.920391
3.759774
4.182547
4.777315
5.242416
6.367234
5.938883
5.784373
6.494562
7.132096
7.006107
6.715840
7.112282
6.510342
6.513370
5.532650
5.252652
4.511649
4.788729
4.735614
4.321586
4.732930
5.337481
5.949227
6.399012
7.118433
7.538497
7.872116
8.958537
RMSD
Copy/paste all the input until here to the appropriate column.
Groupcount of wildtype is:
407
Groupcount of mutated is:
406
If the two preceding values are not the same than you have OXT (oxygen) and hydrogen atoms either in the end or beginning. Proceed with caution
Overall RMSD is:
16.939037
Please copy paste the value above in the appropriate cell
Thank you.
