The program assumes both pdb files start with the same aminoacid. Please check for hydrogens.
Below are the RMSD values residue by residue
6.153209
6.542539
3.791735
4.210073
4.006073
2.931154
3.970165
2.394310
2.101213
2.033593
3.297474
4.340017
3.727700
2.242733
4.413250
6.254943
4.619877
1.623265
0.848969
0.986071
0.962893
0.896481
0.765596
0.714914
0.435802
0.562779
0.324171
0.158516
0.169997
0.415024
0.500914
0.553031
0.380826
0.398833
0.458832
0.691400
0.714550
0.985955
1.085825
1.346639
1.156392
1.563161
1.743609
1.811730
1.698444
1.437554
1.329813
1.379052
1.311938
1.092020
1.026450
1.068665
1.026461
0.785937
0.766486
0.952189
0.858462
0.554131
0.791135
0.742620
1.073838
1.174839
1.113567
0.980149
1.007844
1.214250
1.344224
1.469256
1.742621
1.687762
1.892069
1.915261
1.981016
2.269096
1.447733
1.380236
1.487819
1.372128
1.147832
1.055765
0.873202
0.784971
0.664738
0.528928
0.264365
0.498085
0.432216
0.185830
0.384508
0.246510
0.148708
0.248439
0.211650
0.430158
0.532527
0.516972
0.514066
0.746279
0.878016
0.840178
0.811225
0.974326
1.083126
1.096675
1.107911
0.848379
0.878656
0.644801
0.611695
0.405066
0.283885
0.389449
0.543460
0.450156
0.648423
0.707660
0.624903
0.790263
0.610864
0.584135
0.774578
0.925976
1.107192
1.231141
1.229363
1.188249
1.123804
0.947587
0.984415
0.871457
0.594632
0.717293
0.559730
0.447856
1.404026
1.515991
1.462217
1.642643
0.840025
2.102980
2.006897
5.716943
2.745670
2.232126
0.561937
0.803081
0.436029
0.732098
0.891932
1.196606
1.172869
1.339713
1.321123
0.951236
1.013737
1.245217
1.115333
0.837805
0.951148
1.123268
0.970805
0.822078
1.067824
1.162576
0.980768
0.987798
1.226425
1.216129
1.228180
1.327549
1.466920
1.671970
1.782202
1.510015
1.528987
1.659412
1.532518
1.526802
1.335029
1.342242
1.299851
1.141300
0.970656
1.110036
0.922734
0.731695
0.864682
0.965315
0.759594
0.695281
0.980719
1.071428
0.992714
1.006308
1.215034
1.299232
1.305439
1.427141
1.599749
1.593755
1.505431
1.546659
1.742524
1.941021
1.874231
1.660739
1.780996
1.964854
1.840233
1.698485
1.901601
1.937559
1.762975
1.803815
1.981305
1.870395
1.973054
1.773325
1.518180
1.488479
1.275501
1.369138
1.418418
1.296853
1.439076
1.490678
1.359459
1.627717
1.771767
1.603619
1.593502
1.846668
1.922313
1.727804
1.909623
2.078114
2.048520
1.916706
1.839306
1.559684
1.429607
1.264231
1.108433
0.983058
0.752692
0.649612
0.464141
0.344993
0.403736
0.298513
0.570046
0.676930
0.589471
0.701885
0.888991
0.925672
1.010155
1.170819
1.293266
1.338474
1.432578
1.229377
1.059990
0.815521
0.896094
0.667591
0.774275
0.786289
0.690334
0.434967
0.477595
0.561463
0.550121
0.253811
0.333287
0.277063
0.231132
0.218547
0.209891
0.264748
0.410749
0.506757
0.751531
0.744124
0.697579
0.839463
1.061217
1.078883
1.021604
1.136586
1.298991
1.493194
1.534571
1.523122
1.805088
1.783236
2.027911
2.016822
1.751663
1.676993
1.793464
1.660423
1.524345
1.457100
1.506339
1.341777
1.189769
1.324977
1.319925
1.031007
1.039735
0.933630
1.009777
0.946881
0.916436
1.091634
1.156048
0.984209
0.954580
1.191168
1.142399
0.952517
1.124951
1.317236
1.143654
1.026509
1.332307
1.402979
1.244411
0.998455
1.178229
1.424029
1.613061
1.838191
2.055426
2.152692
2.319012
2.340020
2.011517
1.983629
1.820472
1.489547
1.420329
1.226554
1.034155
0.855997
1.042757
1.062089
0.792936
0.689536
0.893941
0.751926
1.003451
1.112969
1.214485
1.252684
1.364120
1.547484
1.566780
1.802911
1.648675
1.585946
1.809231
1.825163
1.960377
2.047341
1.835374
1.852405
1.715908
1.757029
1.775363
1.573610
1.483957
1.542159
1.571966
1.334517
1.199916
0.925859
0.724928
0.758319
0.820020
0.965172
1.293753
1.390318
1.531563
1.522308
1.655102
1.803896
1.906237
2.151748
2.104539
1.877928
2.128418
2.164202
1.881050
1.852709
2.050741
1.945271
1.670861
1.774261
1.926408
1.749062
1.548068
1.679225
1.626944
1.521104
1.393451
1.316175
1.344049
1.411799
1.485438
1.525429
1.642150
1.607393
1.780353
1.829833
2.045578
1.779108
1.597221
1.484243
1.396280
1.483027
1.479514
1.661744
1.747213
1.911684
2.216605
3.705790
7.576446
6.301713
3.202579
4.782982
6.424289
4.372341
2.154512
3.616712
1.379584
6.873729
8.874509
9.793214
9.358076
16.139397
19.328123
18.141918
22.093214
27.763350
28.542439
29.424412
35.259121
39.118134
38.276394
41.220070
RMSD
Copy/paste all the input until here to the appropriate column.
Groupcount of wildtype is:
453
Groupcount of mutated is:
453
If the two preceding values are not the same than you have OXT (oxygen) and hydrogen atoms either in the end or beginning. Proceed with caution
Overall RMSD is:
5.024114
Please copy paste the value above in the appropriate cell
Thank you.
