The program assumes both pdb files start with the same aminoacid. Please check for hydrogens.
Below are the RMSD values residue by residue
36.979195
30.243467
29.866207
25.223703
26.359159
25.587267
24.603430
29.590275
30.156263
35.816887
41.473934
46.496613
48.307583
48.442989
47.825691
44.143784
42.349079
41.005745
43.589176
47.725567
50.811371
47.763557
49.904766
46.833042
49.030025
47.988270
44.859138
44.072636
43.331184
44.899174
39.712307
37.512177
37.313145
37.440918
34.122776
34.297184
32.650574
29.710217
31.262455
36.561039
36.868256
35.214722
30.474962
24.623531
24.868158
24.625467
17.492458
14.879594
19.279526
18.100176
12.450743
12.610977
18.754061
19.802540
16.919340
16.193113
22.305609
25.713203
23.582300
23.598810
23.117907
23.813128
26.189108
25.979132
25.778284
26.386513
27.807720
27.479656
26.659729
32.670696
37.989075
44.301281
47.353638
52.811226
51.893593
49.869843
47.622723
48.502617
50.959705
50.622097
49.067295
51.432877
53.476685
51.790619
51.319866
50.158264
48.302364
50.277660
50.877750
51.017719
45.875389
44.660225
44.645840
46.778400
47.168259
49.138737
49.502560
47.244743
46.285511
47.791443
43.966610
38.819950
34.322048
28.780930
29.052820
31.126165
25.292213
20.387009
24.221209
26.565044
19.716772
19.494856
26.692583
29.302162
24.397081
26.549971
28.052242
30.192911
27.256882
24.019464
27.781485
30.537430
28.609137
28.273666
26.201544
24.938219
24.906984
25.425924
25.384809
26.402035
28.559130
29.011879
28.563065
31.420864
33.479603
33.407753
37.638393
38.448437
39.774837
41.627609
45.541691
44.782269
42.892502
46.097923
50.007778
47.752956
50.928757
50.048836
49.628780
48.024151
47.263725
44.348263
43.815590
41.207367
42.393265
36.558540
37.216839
31.815678
32.078766
30.823433
30.594456
28.359365
32.043701
31.461893
35.309101
39.739552
36.877693
32.964035
31.377846
32.269119
28.313562
24.483679
27.067244
22.738806
20.750662
18.068949
20.799129
23.868052
28.922468
28.015120
24.327625
24.366999
23.152023
26.082058
25.170769
23.306969
20.124250
19.128849
21.759159
20.389566
21.239992
20.184071
23.155758
26.346603
27.964931
29.801884
24.228426
23.322981
20.540672
17.651941
17.051012
16.583675
16.942768
19.114262
20.342094
22.621620
26.903227
27.443130
32.498051
34.553223
38.197731
38.350960
33.261963
32.246300
28.397305
29.383202
33.556995
36.669144
38.305237
37.180050
37.862240
38.392689
40.583527
38.604813
39.523663
38.780132
42.590412
44.775162
42.701962
41.244728
43.448887
43.692913
44.673393
47.223675
50.514671
48.725300
50.960331
49.669987
46.977978
46.292522
47.463440
44.546707
42.897297
39.748810
42.785454
44.859055
41.250778
38.056759
35.723843
29.073339
26.846378
20.718306
17.606819
13.968132
9.469086
13.241400
11.810722
11.294008
10.993620
14.047132
11.172853
12.005219
10.043226
11.365336
8.499092
9.599677
8.710970
10.184476
8.275041
10.418432
11.637064
9.175055
7.886048
10.509877
11.120354
8.710194
8.659979
11.579633
11.211340
8.590131
9.002212
10.465673
8.751377
6.613126
8.131356
8.425704
6.485232
6.242349
7.348739
7.132585
6.056231
6.167226
6.954575
6.969524
6.258328
6.049580
7.105032
7.502717
6.520960
6.149992
7.637075
8.036889
6.537298
6.607031
8.741244
9.107553
9.070484
11.016732
11.725451
8.947528
7.367992
6.434404
7.370828
6.628374
7.544538
9.669601
11.869735
12.918031
9.891014
9.543659
12.439764
11.130623
8.886963
11.713624
12.773374
9.701150
10.256099
13.255260
12.012721
10.058527
13.212743
14.931734
12.268183
12.542429
16.012407
15.475584
13.259452
15.944698
18.302294
16.199501
15.577923
19.403025
20.127199
17.713934
19.657879
22.939152
22.113834
22.003841
19.465519
17.812790
16.664751
19.151211
17.639353
14.111330
14.696504
16.276585
13.232928
10.907493
13.400946
13.473073
10.132242
9.587097
12.321495
10.891460
8.131687
10.320003
11.424932
8.508346
8.771265
11.649836
10.484012
8.491921
11.456787
12.426254
9.759713
11.047862
14.027037
17.118988
15.613854
13.713917
17.009308
18.364723
18.611799
18.434303
14.728931
12.443125
10.536873
13.387989
12.891885
9.703750
11.505277
13.240973
10.469891
9.054264
11.872012
10.614382
8.556635
11.593701
12.180387
9.388005
8.215422
11.295082
13.598257
15.060933
18.222824
17.008659
15.742204
19.175415
20.686972
18.994022
20.453781
23.841085
23.818594
23.505201
26.306629
29.180077
28.272190
30.019968
33.568153
33.129433
35.081783
RMSD
Copy/paste all the input until here to the appropriate column.
Groupcount of wildtype is:
421
Groupcount of mutated is:
422
If the two preceding values are not the same than you have OXT (oxygen) and hydrogen atoms either in the end or beginning. Proceed with caution
Overall RMSD is:
29.321941
Please copy paste the value above in the appropriate cell
Thank you.
