The program assumes both pdb files start with the same aminoacid. Please check for hydrogens.
Below are the RMSD values residue by residue
18.105104
11.815700
11.947317
15.103090
19.910173
22.595980
25.528769
31.272215
33.404381
36.189079
35.114235
38.397480
35.050011
37.824463
40.019905
40.006218
37.763901
37.747520
39.601761
39.538742
40.466011
34.353985
35.119480
33.673668
35.616253
36.969433
36.832878
38.642662
40.527088
44.192905
39.790081
39.127598
39.422886
39.149494
42.093971
48.487747
48.533257
47.157616
48.924522
48.473248
46.237896
43.895489
42.625797
37.122414
36.807934
39.241352
34.162090
30.631231
34.657391
33.431786
27.444038
29.083494
33.949013
30.440817
26.923330
31.993883
35.681358
32.158058
32.055042
30.317675
32.643345
35.572929
33.078735
34.077793
40.764793
40.827229
35.596073
38.181759
44.830257
43.314014
43.166916
42.166958
41.239491
40.027435
37.295933
36.300823
29.385324
28.715204
33.299149
29.337185
23.918142
28.843700
30.920006
25.378395
25.948290
22.264442
21.465179
25.759865
26.554125
25.926739
26.365755
25.978891
24.035282
27.075300
21.706129
20.680819
14.799296
14.258593
11.400080
9.549299
8.298790
8.217371
10.429257
11.669970
12.312898
15.587296
18.074247
19.416607
20.432667
22.897417
24.765146
26.113203
27.900599
32.646133
33.847355
37.518539
39.314514
40.941708
36.045567
32.938824
35.588383
34.277164
29.707651
31.648024
27.243946
21.683760
22.225195
21.395905
16.890570
17.878004
22.501608
20.449141
14.612470
17.869965
21.949795
19.145060
19.500006
19.451992
14.762074
19.011545
23.629335
19.481451
18.598003
25.211374
28.424786
25.173838
25.491598
29.053936
27.048738
25.348349
26.046944
26.860647
24.772766
22.301996
24.184347
19.633694
21.037361
16.868383
21.469954
20.310656
21.855431
22.981344
22.019487
18.216120
11.338106
10.177208
7.751878
5.532304
5.420990
7.532297
10.235835
10.064290
12.988604
13.903285
17.160713
19.998741
24.757326
28.592260
29.974966
26.859798
25.979763
21.338467
17.468613
16.937580
16.456169
17.053604
15.739349
12.992877
14.104650
18.798956
19.429148
19.176924
22.563564
26.241365
28.703371
33.874939
30.525366
28.417465
27.314993
23.848028
21.279350
17.256933
16.563477
17.234982
18.219042
19.404551
16.930033
19.206202
21.726225
24.793928
24.750978
28.507433
26.595768
26.687725
26.649797
29.050180
33.776608
31.822887
29.856913
27.794165
23.831329
22.434938
21.447090
18.116781
17.445892
12.150809
13.029947
16.403061
17.357464
16.234974
10.435648
7.479844
7.386322
3.128174
2.944814
3.462985
8.555411
11.425101
12.429317
12.302900
11.869123
10.011381
3.572208
9.123788
14.266548
18.834366
21.175444
20.739428
19.702652
19.947495
20.397152
20.647823
23.618654
23.870483
21.920914
21.972635
22.657288
29.602303
29.214281
28.661306
24.682421
21.480457
22.221186
24.374319
26.621023
27.224667
25.828779
26.507826
27.307442
23.628178
22.404556
25.928213
25.343332
21.504591
22.933342
25.203167
22.386267
20.691328
24.044195
24.181137
20.479273
20.708300
23.852669
22.154531
19.176010
21.841589
22.982948
19.494442
19.111887
22.392569
21.067247
17.772020
19.884434
21.691992
18.391615
16.973396
19.985466
19.973894
16.440035
16.653658
19.399946
17.671156
14.739295
16.808727
17.468801
15.156957
13.157388
11.485537
10.547783
10.890918
11.676934
12.626836
11.624748
12.822409
12.878736
11.384854
12.676914
11.098687
10.662370
12.315867
12.037761
10.703449
12.559495
13.640348
11.881800
12.576671
15.223251
14.625961
12.865053
15.755173
17.874416
16.035887
15.618954
19.294483
19.750202
16.969530
19.297619
22.565260
21.200163
19.730177
23.597254
25.454882
23.096886
24.342422
28.276972
28.059593
26.388996
22.520157
19.334068
18.407494
15.389424
13.452147
15.483483
16.353592
13.557247
12.297517
14.730424
15.305633
12.656261
11.995503
14.562685
15.275284
12.788160
12.471438
15.335778
15.426565
12.806633
13.658175
16.446808
15.410426
12.947307
15.127682
17.077808
14.611250
13.252102
16.382446
16.460041
20.060301
21.159729
20.090763
22.632998
25.646399
28.505079
28.967342
25.072138
24.851389
21.214458
22.984322
25.384350
22.240536
20.781412
24.263958
24.253954
20.311401
20.662567
22.639723
19.632647
17.763721
20.632467
22.555008
21.373243
18.679426
17.662664
14.761579
14.827837
14.942477
12.964087
11.133480
11.839453
11.502267
10.621545
10.527920
10.396657
10.631618
11.197868
11.566363
11.232365
13.540140
14.478873
13.360838
15.741199
RMSD
Copy/paste all the input until here to the appropriate column.
Groupcount of wildtype is:
421
Groupcount of mutated is:
422
If the two preceding values are not the same than you have OXT (oxygen) and hydrogen atoms either in the end or beginning. Proceed with caution
Overall RMSD is:
24.417021
Please copy paste the value above in the appropriate cell
Thank you.
