0
0
0
0
0
0
0
0
0
0
0
0
0
0
0
0
8
9
0
0
0
0
0
0
0
0
0
0
0
8.66666666666667
0
1
1
8.33333333333333
0
0
0
8.33333333333333
0
0
1
1
1
0
1
1
1
0
0
0
0
0
0
0
0
0
1
1
1
1
1
1
0
1
0
1
0
1
0
9
9
9
9.33333333333333
9.33333333333333
9
9
0
1
1
1
0
0
0
0
1
1
1
1
1
1
0
9
9
0
1
0
1
1
1
1
0
1
1
0
1
1
0
1
1
1
1
0
1
0
1
1
1
1
1
1
0
1
0
1
0
0
0
1
0
0
0
1
1
1
1
1
1
1
1
0
1
0
1
1
1
1
0
0
0
0
0
8.66666666666667
0
0
0
0
1
1
1
1
0
0
0
1
0
0
0
1
1
0
0
0
1
0
1
1
0
1
0
0
0
0
0
0
0
0
0
0
0
0
0
0
0
0
9.33333333333333
0
0
0
0
9
0
9
0
0
0
0
0
7.33333333333333
0
9.33333333333333
8.66666666666667
0
0
0
0
0
0
0
0
0
9
0
0
8.66666666666667
0
0
0
0
0
0
9
0
0
8.66666666666667
9
0
8.66666666666667
0
0
0
0
9
0
0
0
0
0
0
0
0
0
0
0
0
0
0
0
0
0
8.66666666666667
0
7.33333333333333
0
0
0
0
0
0
0
0
0
