1
1
1
1
0
0
0
1
1
0
7
11
6
6
9
6
1
0
0
4
4
5
1
8
7
4
6
4
2
3
3
4
6
6
3
6
5
11
11
4
8
9
11
7
11
6
8
8
11
4
5
11
5
11
11
7
9
9
4
10
9
11
6
11
7
5
9
11
7
9
11
11
9
11
6
5
10
9
9
7
11
8
6
11
11
11
9
11
6
6
11
11
4
4
6
11
11
6
5
9
5
6
8
7
7
9
11
5
6
11
4
11
8
11
11
11
11
11
9
8
6
10
10
6
10
7
7
11
10
7
5
11
9
7
10
8
11
11
4
8
11
7
11
11
11
11
11
4
9
5
4
8
11
9
8
9
8
11
11
11
11
11
11
6
11
11
11
11
11
7
10
9
11
11
9
9
11
11
11
11
11
11
10
9
11
11
11
8
11
8
11
11
11
7
11
11
4
11
5
11
9
11
9
11
7
11
9
8
11
8
11
11
6
11
7
7
11
11
11
11
10
11
11
11
9
4
11
9
11
11
9
5
3
11
9
11
11
6
11
11
11
11
11
9
11
11
11
11
8
11
6
11
11
11
11
9
11
6
4
11
11
11
11
5
10
5
11
11
11
11
11
9
11
11
4
7
11
11
6
11
11
11
5
11
8
8
10
11
9
11
11
8
8
11
9
11
11
11
8
5
11
11
11
11
9
11
11
7
11
11
4
6
10
7
5
11
11
10
9
8
11
9
11
11
9
11
11
8
4
9
11
6
8
11
9
5
7
6
5
8
11
7
9
9
11
8
5
4
11
9
9
11
6
11
11
11
11
11
9
7
11
10
11
6
11
11
7
7
11
9
8
11
11
11
9
8
11
11
7
11
11
11
9
11
11
11
11
11
11
11
11
11
11
11
11
11
11
11
11
11
11
11
11
8
11
11
11
11
10
9
9
8
11
5
5
7
4
3
6
5
4