The program assumes both pdb files start with the same aminoacid. Please check for hydrogens.
Below are the RMSD values residue by residue
24.424570
24.827316
23.464626
22.910904
24.350655
23.090300
22.241840
22.095608
20.123251
14.462049
16.507748
18.844238
19.337301
22.603701
23.690279
17.961029
19.994268
20.492155
22.426693
27.597775
30.689240
29.889648
32.243469
34.092270
33.970680
36.186043
40.125271
42.170647
42.087444
42.748867
40.402344
38.848072
39.419353
41.444351
45.549706
51.024200
51.305695
50.183056
51.270107
50.585163
48.496811
46.437408
45.606850
39.978405
39.111485
41.502338
36.396530
32.360508
35.925812
34.391335
27.922993
29.101194
33.633354
29.447517
25.336302
30.736200
33.878845
29.335835
29.265203
28.066553
30.985901
33.466702
31.391472
33.164619
39.983135
39.937664
35.247368
38.414341
45.141701
43.784576
43.878517
42.496140
41.167320
39.575542
36.561844
34.628872
27.976732
27.689034
31.555166
26.989830
22.107887
26.992491
28.519707
23.154856
23.979702
20.858185
20.285269
24.611624
25.349058
24.883657
25.215374
25.083851
23.158356
26.585398
20.839756
20.740175
15.388105
15.020996
12.256254
10.152150
10.312297
10.369888
12.987744
13.061142
13.726480
17.266376
19.550440
20.356838
21.317797
23.807755
25.161682
26.144957
27.875008
32.723820
33.332893
36.636814
38.585197
39.779072
35.185123
32.786423
35.169498
33.751961
29.905697
31.978189
27.154522
21.967247
23.017076
22.020924
17.571209
18.976017
24.040667
22.239380
16.652554
20.197063
24.804352
22.570467
22.473665
22.887035
18.160265
21.265659
25.552477
21.332108
19.223387
25.207439
28.554138
25.278511
24.411039
27.303066
25.616604
22.960287
23.064686
24.414352
23.110138
21.392391
24.173668
20.287868
22.586702
19.079531
24.273674
23.815626
26.299452
27.840427
27.620476
23.851389
17.147417
15.923150
12.242043
8.346814
3.541816
6.417907
12.394590
10.744317
12.846951
12.974049
15.071334
17.911787
22.578779
26.710670
28.307560
25.908064
25.123911
20.293680
16.486662
15.670881
16.300968
17.248184
16.043385
14.654543
16.625366
20.920128
22.003834
21.353088
24.534849
27.714767
30.461866
35.020901
30.884190
28.604084
26.983685
23.896830
22.177952
18.763298
18.103697
18.977484
19.172062
20.299299
17.678921
20.878834
23.676825
27.209234
27.327814
30.380768
28.783432
29.394329
28.903419
31.400000
35.540314
33.175632
30.406399
27.632048
23.060970
21.479643
20.188166
17.037920
16.655481
11.162616
12.437092
15.822060
17.522123
17.118231
12.952972
10.747340
10.774721
6.784488
7.759027
5.468648
7.029002
8.671328
8.665142
10.313225
10.319944
10.135923
6.834463
12.421084
15.806016
19.573574
21.174938
21.109447
18.576117
19.400761
18.725227
19.163601
23.186882
23.285990
22.189730
21.825665
22.271433
28.653982
27.649712
26.948650
23.572695
19.482069
19.701323
20.798664
23.494112
25.146624
22.925484
22.530533
24.507717
20.869785
18.020046
22.109301
22.488533
17.738831
18.514841
21.843466
19.035385
16.618391
20.477633
21.412018
17.391621
17.656696
21.848938
20.423746
16.758135
20.124826
22.096083
18.218786
17.654305
22.050125
21.059780
16.895821
19.590740
22.384058
18.746778
16.754768
20.895344
21.575373
17.119846
17.325289
21.435347
19.665615
15.592072
18.566217
20.255997
17.240141
14.455926
11.505526
8.850231
10.251459
10.793238
13.116783
11.122839
12.189235
11.726151
8.942858
10.454370
8.591640
8.237992
10.478841
9.840598
8.123148
10.821290
11.908204
9.372520
10.230183
13.602686
12.622479
10.084415
13.674261
16.202679
13.629064
12.706841
17.238008
17.626421
13.909398
16.287113
20.299898
18.515423
16.102385
20.637568
22.940348
19.697123
20.480827
25.323887
25.114407
22.494036
18.218081
14.190710
13.528855
10.047053
8.661975
11.059166
11.862567
9.158602
7.961131
10.728797
11.920341
9.590904
8.364052
11.618192
13.354318
10.968730
10.089616
13.929802
14.910860
11.605494
12.431629
16.567274
15.912049
12.442043
15.433750
18.368298
15.166005
13.451756
17.924038
18.144356
22.836924
24.365759
22.618210
25.634480
29.545815
32.553310
33.328087
28.620661
27.774824
23.171675
25.430019
27.840109
23.672771
22.124176
26.314798
25.663576
20.737600
21.544426
23.331184
19.087122
17.421219
21.176519
22.385382
20.081388
17.554863
17.563623
14.229452
15.676269
14.848290
10.895237
10.464206
12.300176
9.289946
8.145009
11.087833
10.291067
8.358337
11.162920
14.164769
12.396003
14.631492
18.421919
17.765831
20.088621
RMSD
Copy/paste all the input until here to the appropriate column.
Groupcount of wildtype is:
421
Groupcount of mutated is:
422
If the two preceding values are not the same than you have OXT (oxygen) and hydrogen atoms either in the end or beginning. Proceed with caution
Overall RMSD is:
23.831604
Please copy paste the value above in the appropriate cell
Thank you.
