The program assumes both pdb files start with the same aminoacid. Please check for hydrogens.
Below are the RMSD values residue by residue
19.598833
20.206488
20.722036
25.868338
27.253948
27.084843
29.742411
27.312809
26.451212
24.153299
30.118799
28.372070
28.500174
31.392899
28.479961
28.602518
31.815950
33.583324
33.968590
34.539013
34.682831
33.584755
34.088284
38.422382
39.750038
42.969662
40.204189
41.120804
42.762016
44.404457
41.425648
34.752193
32.927326
30.166685
25.913605
27.849007
24.311653
23.014521
22.200199
27.778017
32.013252
30.396477
33.580833
29.971031
34.302101
38.760120
35.526848
33.146751
39.511471
42.859818
39.541229
37.442276
44.454441
46.972130
42.124500
40.969143
47.985653
48.623394
43.813339
41.686165
35.156776
35.403496
35.110214
35.465649
34.396450
33.433899
33.533318
33.668224
33.683872
28.252163
27.336449
26.166277
25.119127
23.091145
21.262936
28.214113
27.384619
23.019192
27.276945
33.308460
31.723711
30.577526
37.030907
40.351273
43.684937
45.281261
38.926510
37.284531
38.592796
36.821304
31.440491
31.358372
27.714201
28.407072
25.596468
24.912176
25.980625
25.015131
24.349445
21.394651
22.259476
19.547287
25.510422
26.608418
20.505657
21.243073
27.666874
25.804102
20.150644
24.021719
27.726606
23.232809
20.281240
16.581156
19.112438
18.792656
18.336067
22.605650
19.506191
12.822824
14.553991
19.019604
15.274926
14.697831
13.663424
13.636163
13.337481
15.396309
14.519562
14.314179
18.857445
20.860958
18.302467
20.979521
26.989435
27.086237
29.463604
31.461727
28.600424
31.586468
30.989096
24.955204
22.300365
25.722176
24.622728
18.085905
15.156700
16.979883
14.890795
9.646696
8.007960
6.852520
8.439303
7.396504
8.290197
7.175894
7.196234
6.610364
6.597961
4.864608
7.381259
3.511241
3.588550
2.225826
4.305523
4.051701
4.830789
10.613456
16.509592
16.720083
13.735064
20.032061
23.956076
28.371176
30.447454
30.744576
33.714001
33.018379
34.992012
30.786638
25.220530
24.810377
22.074942
23.785698
19.907255
23.136482
19.122210
20.156116
22.434679
19.442450
23.115643
23.214495
28.259649
28.740587
26.371265
27.164660
27.141567
27.370455
27.182045
24.295940
22.830065
19.813148
17.785612
13.386261
16.275833
16.497360
18.798948
18.688143
19.421370
14.782118
14.461192
13.058687
9.242696
7.008348
7.574352
9.825783
13.775598
10.696992
13.172977
13.259653
16.387043
17.425158
21.823702
21.240200
25.686865
23.319719
28.847311
31.227594
27.440874
31.329325
33.526867
37.494759
36.801720
39.181347
41.541351
37.820843
42.971760
40.156635
37.314255
36.923149
32.621662
28.054419
21.723623
20.063622
19.744190
20.001339
23.636311
22.428766
23.219637
21.759529
23.003841
21.215458
22.787020
22.867025
22.623514
18.863096
14.963414
19.948971
18.644026
21.120041
20.921637
15.875159
15.043548
14.859930
17.944132
19.516897
22.369202
22.661274
23.166435
19.508257
17.961433
20.984013
19.747173
15.936565
17.433344
19.120348
15.648406
13.819490
16.983475
16.572130
12.640067
12.473991
15.117541
13.298283
9.836584
12.152534
12.941211
9.274680
8.388625
11.282825
9.812970
6.017130
7.854046
9.034296
5.985839
4.021609
6.558307
6.371797
2.840347
3.165958
4.692226
2.866419
1.858467
3.529793
1.536239
3.218411
5.834375
9.680808
12.762799
10.611848
9.538189
6.390649
6.423718
7.191570
10.551463
11.718891
13.384493
12.434946
8.636970
9.026017
10.718958
7.626944
5.427661
8.807625
4.257880
3.083040
9.421923
8.247361
4.454461
5.756950
9.520555
8.659473
6.578626
10.290709
12.036341
9.606168
11.229316
14.869229
14.397387
12.826627
16.201931
18.629030
17.178164
17.995663
21.648466
22.086792
21.750441
18.154539
14.599511
12.562593
9.381636
6.992026
8.601563
9.105310
5.635829
4.128489
6.243109
6.563528
3.533450
1.683701
4.368205
6.028672
4.345197
2.106437
4.913487
6.956167
5.275880
3.335787
6.943525
8.548926
6.178374
5.190933
8.960347
9.173340
6.180207
7.388357
10.836197
13.900002
12.316967
11.308556
15.054802
16.543709
18.084103
16.814938
13.349380
12.771048
10.249902
13.518837
15.154744
11.840797
11.951572
15.595443
14.730996
11.194145
12.885560
14.452033
11.116022
10.065259
13.461462
14.958458
13.718560
11.590752
10.822609
7.689951
8.979343
8.424390
5.395604
3.771868
4.954825
3.574687
1.501285
2.914710
1.206254
4.111866
5.881687
5.997350
6.085875
5.578558
7.963592
7.867680
9.503579
RMSD
Copy/paste all the input until here to the appropriate column.
Groupcount of wildtype is:
421
Groupcount of mutated is:
421
If the two preceding values are not the same than you have OXT (oxygen) and hydrogen atoms either in the end or beginning. Proceed with caution
Overall RMSD is:
22.525848
Please copy paste the value above in the appropriate cell
Thank you.
