The program assumes both pdb files start with the same aminoacid. Please check for hydrogens.
Below are the RMSD values residue by residue
19.047157
19.136343
14.213341
14.377676
15.642509
15.965142
23.045227
25.211836
19.147579
19.761490
19.259626
20.315973
15.707426
19.180794
23.772383
21.041134
25.383289
30.720440
33.269222
35.096386
38.516411
37.503246
36.015568
38.903809
39.922165
45.954308
46.153057
45.559921
47.409767
44.717449
38.465359
38.439953
38.282639
40.599064
43.438553
49.983986
50.238792
48.940041
50.408665
49.733025
47.615921
45.552296
44.832680
39.169518
38.256042
40.613010
35.467548
31.624414
35.257309
33.720940
27.377419
28.675587
33.207890
29.013952
25.148245
30.473749
33.724503
29.326172
29.220840
28.001629
30.743137
33.232780
31.169304
32.806374
39.612904
39.657463
34.882088
37.872589
44.610474
43.293350
43.416206
42.104027
40.906715
39.352108
36.355129
34.568920
27.810074
27.559948
31.636417
27.181889
22.230167
27.312284
28.940144
23.541386
24.614338
21.476648
20.895153
25.255018
26.059574
25.732683
25.995380
25.852489
23.912754
27.206924
21.626421
21.108030
15.692249
14.954817
12.369028
10.338868
10.375798
10.036105
12.342213
12.266288
13.001805
16.713366
18.964159
19.731277
20.880335
23.454014
24.819036
25.861048
27.720936
32.513084
33.226295
36.621243
38.639816
39.895336
35.156490
32.612141
35.142921
33.682549
29.610325
31.757742
26.987270
21.747259
22.596966
21.780302
17.291935
18.493021
23.598339
21.961140
16.245529
19.467983
24.320120
22.078787
22.312420
22.636173
17.758999
21.165707
25.449240
21.259615
19.176298
25.344740
28.730000
25.301849
24.505974
27.530945
25.615376
23.078699
23.327305
24.590780
22.991917
21.206503
23.906349
20.045624
22.259621
18.812414
24.003414
23.522943
25.703140
27.227598
26.782871
23.120647
16.321306
14.765002
10.977477
7.761728
3.586169
6.433305
12.235507
11.032853
13.203007
13.581380
15.904400
18.786795
23.425806
27.573647
29.048704
26.580914
25.916931
21.127831
17.291218
16.421247
16.678131
17.523699
16.188337
14.401771
16.106991
20.482920
21.346863
20.767429
23.930023
27.160057
30.035791
34.712311
30.694706
28.504461
27.008583
24.130690
22.165112
18.744417
18.170145
19.142904
19.566284
20.776554
18.270071
21.393606
24.090574
27.631575
27.721802
31.033079
29.262644
29.808804
29.374420
31.925961
36.255352
33.823402
31.114470
28.426893
23.894735
22.274076
20.966434
17.725906
17.038488
11.620172
12.766470
16.187613
17.707184
17.231840
12.628277
10.269019
9.936435
5.701361
6.377196
4.413322
6.759014
8.963529
9.392765
10.455771
10.571984
10.100992
5.828496
11.600756
15.569486
19.427778
21.270309
20.893070
18.761003
19.506351
19.075590
19.566902
23.362619
23.612095
22.322748
21.933069
22.426119
28.922855
27.980177
27.444538
23.903318
19.822159
20.013191
21.458582
24.086145
25.584150
23.385592
23.172438
24.946730
21.354776
18.928782
22.813204
22.996164
18.550856
19.446043
22.537981
19.811653
17.559393
21.314781
22.088932
18.219551
18.501904
22.378613
20.846319
17.491098
20.705957
22.404003
18.649426
18.251486
22.303953
21.178831
17.324589
19.934139
22.388031
18.796040
17.122240
21.001062
21.306921
17.167040
17.546474
21.354986
19.471113
15.747850
18.723503
20.095163
17.034758
14.609940
11.727468
9.943399
10.982682
11.859395
13.592736
11.823496
13.215589
13.352861
10.693436
12.198642
10.305326
9.757471
12.034540
11.558981
9.820008
12.001550
13.281120
10.942624
11.447795
14.669469
13.855679
11.573396
14.657890
17.130661
14.862402
13.936144
18.104324
18.558334
15.145956
17.297440
21.128809
19.490145
17.194431
21.449888
23.647064
20.584625
21.475498
26.104702
25.852915
23.753588
19.253185
15.509851
14.949026
11.785876
10.449705
12.565576
13.245526
10.734211
9.666691
12.132029
13.011065
10.811472
9.573138
12.616224
14.003496
11.721129
10.998647
14.421690
15.131800
12.127840
12.898404
16.591484
15.865649
12.599535
15.391639
18.028114
15.036094
13.529261
17.496216
17.592024
21.962099
23.444725
21.908352
24.677834
28.392664
31.486359
32.171703
27.760439
27.060278
22.697638
24.819565
27.263594
23.343929
21.767132
25.782143
25.336657
20.648952
21.273315
23.152895
19.267639
17.596518
21.056280
22.461119
20.424479
17.916737
17.716543
14.572429
15.679910
15.095787
11.695293
11.092999
12.634265
10.319306
9.500784
11.683139
11.001323
9.594967
11.995509
14.501095
12.618150
14.782776
18.445881
16.492266
18.755732
RMSD
Copy/paste all the input until here to the appropriate column.
Groupcount of wildtype is:
421
Groupcount of mutated is:
422
If the two preceding values are not the same than you have OXT (oxygen) and hydrogen atoms either in the end or beginning. Proceed with caution
Overall RMSD is:
24.086872
Please copy paste the value above in the appropriate cell
Thank you.
