The program assumes both pdb files start with the same aminoacid. Please check for hydrogens.
Below are the RMSD values residue by residue
24.272476
26.161989
22.694313
24.042969
23.503847
20.804213
22.692268
17.641357
16.419100
12.245936
7.830433
6.178384
3.463049
7.174881
9.014226
4.552432
5.278435
8.906949
9.044748
12.465534
15.606349
13.939937
17.613283
24.526575
27.412283
34.716244
36.458546
43.187653
46.476234
45.410858
43.822803
42.003006
44.513779
43.277225
45.794277
52.087093
52.155087
50.309608
51.534870
50.812229
48.562939
46.393612
45.368603
39.682190
38.874237
41.006180
35.724403
32.039219
35.736389
34.013393
27.644585
29.142750
33.722027
29.414288
25.730139
31.200504
34.452911
30.053188
30.255980
28.969524
31.852665
34.555458
32.331665
33.881874
40.729610
40.705399
35.792442
38.853367
45.577255
44.124802
44.111481
42.776489
41.464512
40.165081
37.003387
35.470642
28.842590
28.269264
32.273575
28.062469
22.967937
27.635540
29.394737
24.021900
24.462704
21.097490
20.371071
24.483765
25.095484
24.341166
24.786367
24.544226
22.810347
26.202467
20.687744
20.436251
15.047012
14.848733
11.950007
9.853741
9.550364
10.042085
12.759992
13.410019
13.939075
17.172722
19.608776
20.542873
21.360395
23.732893
25.258402
26.248173
27.882635
32.629700
33.341057
36.737930
38.726349
40.051727
35.410778
32.911945
35.412514
34.032715
30.053864
32.208755
27.572437
22.333019
23.366409
22.437143
18.021130
19.411131
24.349552
22.433928
16.834728
20.481220
24.852911
22.361622
22.132786
22.593260
17.943884
21.065876
25.281649
21.044163
19.113235
25.142406
28.526812
25.246380
24.562668
27.493416
25.914619
23.490381
23.572367
24.850788
23.471428
21.417948
24.090811
20.001801
22.056715
18.278759
23.142794
22.354836
24.793848
26.073648
25.842030
21.823343
15.282251
14.631579
11.727685
7.680395
3.943387
6.763570
11.737429
10.365914
12.810149
13.057672
15.716375
18.554262
23.420321
27.400337
28.911779
26.380375
25.356226
20.492420
16.663595
16.154951
16.685425
17.555399
16.236145
14.482301
16.289196
20.734577
21.708134
21.059887
24.329060
27.514181
30.061386
34.663937
30.768055
28.589424
26.910221
23.897383
22.093016
18.587976
17.916807
18.602177
18.908073
19.843914
16.954399
19.762108
22.198832
25.555937
25.585163
28.993387
27.264385
27.882740
27.604410
29.961668
34.001110
31.820198
29.189598
26.654022
22.248667
20.896711
19.875769
16.719873
16.348551
10.970512
12.295548
15.512059
16.719070
15.984097
11.310504
8.992971
9.046911
4.942212
5.986410
4.110607
6.754515
8.874516
9.200436
10.336227
10.140092
9.685073
5.932904
11.752627
15.262256
19.083353
20.720325
20.392660
18.197451
18.840328
18.450027
18.850723
22.442015
22.666002
21.014210
20.784027
21.352140
27.909296
26.833487
26.313461
22.743757
18.937382
19.491415
20.730886
23.037125
24.067446
22.279024
22.496828
24.152548
20.336145
18.186291
22.395695
22.410517
17.820498
19.125433
22.273952
19.393248
17.282019
21.213573
21.813393
17.747133
18.085461
22.142563
20.548214
16.949823
20.285910
22.126722
18.242161
17.647427
21.941658
20.960213
16.771547
19.293671
22.098747
18.556463
16.412127
20.372684
21.123974
16.776224
16.702196
20.773603
19.279417
14.964934
17.691847
19.737097
17.095648
14.215848
11.789779
9.047900
9.205369
9.397287
12.000403
10.357322
10.835806
9.683848
6.981620
8.164439
6.916214
7.050255
8.720752
7.951023
6.857853
9.737481
10.420668
7.919861
9.499207
12.757096
11.586308
9.347605
13.294086
15.635815
13.070422
12.585694
17.142357
17.484404
13.986273
16.582876
20.492840
18.755781
16.669218
21.179678
23.444653
20.463928
21.424294
26.159641
25.998796
23.889338
19.384905
15.294993
14.310403
10.664295
8.809506
11.377800
12.373279
9.119678
7.671872
10.912902
12.011755
9.135412
7.944859
11.576212
13.225490
10.542306
9.720362
13.813792
14.666516
11.286430
12.278460
16.476219
15.819032
12.359883
15.371257
18.483521
15.356034
13.501622
18.079069
18.521008
23.188467
24.552721
22.705263
25.738441
29.531952
32.424221
33.070362
28.451023
27.507799
23.073734
25.375175
27.622786
23.548239
21.966469
25.965717
25.385851
20.532089
21.070162
22.855099
18.832159
16.875652
20.509130
21.849503
19.765884
16.890999
16.613125
13.167336
14.016278
13.389638
9.828066
8.618494
10.053734
7.668744
6.531940
8.673301
7.904399
6.969509
9.375751
11.694803
10.246708
13.212368
16.325851
15.557767
18.654089
RMSD
Copy/paste all the input until here to the appropriate column.
Groupcount of wildtype is:
421
Groupcount of mutated is:
422
If the two preceding values are not the same than you have OXT (oxygen) and hydrogen atoms either in the end or beginning. Proceed with caution
Overall RMSD is:
23.409012
Please copy paste the value above in the appropriate cell
Thank you.
