The program assumes both pdb files start with the same aminoacid. Please check for hydrogens.
Below are the RMSD values residue by residue
14.867558
14.370707
13.627081
16.292826
13.104426
11.583037
12.337619
10.503002
12.095012
11.988364
9.662524
11.496271
16.423422
18.737438
17.262680
18.202208
18.912779
23.797649
22.779404
27.423962
25.958607
23.289312
26.979485
28.541739
33.859562
35.783020
35.296047
41.652451
45.301163
43.816135
41.016659
39.669621
42.017372
42.428680
42.781647
49.568825
50.877560
49.039444
50.802517
50.357716
48.168186
46.101646
45.332836
39.668526
38.838612
41.285988
36.165768
32.068363
35.768715
34.214569
27.867411
29.255903
33.883629
29.865862
25.973661
31.294128
34.602100
30.247889
30.319052
28.948105
31.718323
34.375633
32.190620
33.751129
40.547417
40.605965
35.693054
38.708740
45.408157
43.976696
44.042751
42.776711
41.557793
40.133389
37.149189
35.309982
28.520399
28.253597
32.268742
27.841131
22.825089
27.668694
29.287601
23.828856
24.428186
21.096876
20.506613
24.906919
25.594265
24.982700
25.419096
25.104366
23.277746
26.498276
21.040375
20.590860
15.089253
14.806069
11.842425
9.828219
9.438002
9.529830
12.233609
12.864309
13.388067
16.775455
19.325222
20.264406
21.157892
23.634163
25.216089
26.277596
27.948698
32.778851
33.601311
36.974426
38.782822
40.120491
35.495872
32.882019
35.253403
33.898033
29.906443
31.866854
27.052965
21.790529
22.730824
21.616190
17.162792
18.520967
23.351505
21.398180
15.778522
19.300980
23.664206
21.254951
21.166042
21.480408
16.808056
20.165180
24.544538
20.524130
18.882956
25.045410
28.389984
25.200926
24.721432
27.875977
26.251165
23.939411
24.360298
25.535378
24.075989
21.878902
24.583267
20.450935
22.458904
18.684616
23.730824
23.056042
25.334322
26.786139
26.310179
22.414450
15.648751
14.456710
10.769396
6.980426
2.781424
5.580950
11.178019
10.016716
12.373467
12.651392
14.950479
17.911556
22.564613
26.631418
28.166693
25.665884
24.917439
20.208525
16.177324
15.355082
15.735922
16.695677
15.505888
13.952357
15.851022
20.318602
21.492065
20.987734
24.319731
27.718142
30.244883
35.321331
31.209612
28.892776
27.301863
24.034563
21.958620
18.209919
17.431797
18.166544
18.465105
19.652956
17.044437
20.001171
22.867992
26.289894
26.651085
29.065792
27.849977
28.339359
27.990696
30.698082
35.046734
32.692932
30.083776
27.481073
23.124857
21.576485
20.365614
17.265461
16.690392
11.216869
12.368737
16.000319
17.546833
16.989714
12.636505
10.245791
10.046711
5.721041
6.546003
4.374013
6.763412
8.855441
9.244582
10.374000
10.306039
9.756130
5.768229
11.561370
15.239532
19.215052
21.029053
20.804441
18.687178
19.464102
19.014471
19.510612
23.451628
23.741510
22.329868
22.076372
22.835829
29.323616
28.413177
27.788364
24.268881
20.382587
20.843969
22.301907
24.785007
26.204409
24.153364
23.957193
25.587341
21.864101
19.560097
23.421579
23.461609
18.949678
19.885681
22.904993
20.056486
17.823769
21.512917
22.225199
18.235083
18.409128
22.346790
20.823511
17.295115
20.474749
22.230995
18.420435
17.867985
22.004400
20.896299
16.938934
19.541655
22.124985
18.510704
16.739775
20.580484
21.004261
16.818644
17.102913
20.965033
19.162067
15.301617
18.171854
19.661627
16.704981
14.139325
11.185544
8.742098
10.365465
11.057029
13.069078
11.089064
12.349375
12.084563
9.333213
10.781542
8.896053
8.541043
10.774474
10.195170
8.618781
11.066443
12.210338
9.876886
10.611458
13.885485
12.959242
10.623873
14.041587
16.511652
14.085893
13.313619
17.649025
18.051708
14.513112
16.988323
20.812290
19.027395
16.906494
21.281221
23.419765
20.579369
21.481104
26.156704
25.896450
23.584484
19.114241
15.482224
14.744442
11.515299
9.702078
11.993430
12.987998
10.272475
9.061761
11.655588
12.781122
10.322650
9.256484
12.233409
13.747441
11.322277
10.462255
14.095318
14.841833
11.699231
12.550680
16.301807
15.501943
12.284642
15.133327
17.731100
14.665678
13.152186
17.355909
17.508801
21.890488
23.338219
21.772442
24.773046
28.395443
31.539270
32.077076
27.551926
26.866537
22.510307
24.589928
26.999184
23.215229
21.643679
25.608637
25.202429
20.501827
21.125738
22.998327
19.088169
17.444530
21.009954
22.450750
20.488297
17.908747
17.596411
14.345044
15.455222
14.884204
11.448328
10.557794
12.197182
9.846845
8.631637
11.065161
10.389149
8.830018
11.086466
13.534074
11.747293
13.877931
17.241444
16.192360
18.737875
RMSD
Copy/paste all the input until here to the appropriate column.
Groupcount of wildtype is:
421
Groupcount of mutated is:
422
If the two preceding values are not the same than you have OXT (oxygen) and hydrogen atoms either in the end or beginning. Proceed with caution
Overall RMSD is:
23.564272
Please copy paste the value above in the appropriate cell
Thank you.
