The program assumes both pdb files start with the same aminoacid. Please check for hydrogens.
Below are the RMSD values residue by residue
34.916946
34.734879
36.256096
41.864166
41.791378
36.368786
36.947819
32.217632
27.830891
28.581089
31.059101
28.442196
22.563974
18.817684
12.345514
8.145549
8.422688
12.816276
11.807330
14.010560
17.916351
16.465347
21.491949
27.499136
30.930096
37.073887
41.276222
44.511734
47.554306
47.596298
43.788246
42.137512
45.629070
43.466698
44.888355
51.473045
52.678753
50.993008
52.274822
51.501160
49.267296
47.191959
46.123211
40.365440
39.478157
41.484303
36.216122
32.584492
36.177200
34.308620
27.920012
29.400778
33.945469
29.658348
25.744820
31.206789
34.430138
29.914431
29.904325
28.724586
31.622461
34.096577
31.853533
33.584866
40.458004
40.282021
35.359589
38.625576
45.280430
43.754436
43.791714
42.282322
40.922512
39.524235
36.193039
34.633358
28.035965
27.428345
31.423117
27.114944
22.024841
26.652897
28.534576
23.262899
23.821005
20.612198
19.864231
23.892954
24.610222
23.997585
24.346540
24.268814
22.459202
26.026455
20.403257
20.172270
15.106267
14.827820
12.312526
10.091731
10.502768
11.115879
13.695667
13.943528
14.522310
17.943768
20.234715
20.921129
21.894348
24.274853
25.616442
26.603979
28.384277
33.043106
33.604477
37.120552
39.210487
40.483334
35.759899
33.411980
36.043232
34.575645
30.545013
32.928951
28.336386
23.159479
24.203543
23.396389
18.934673
20.387878
25.534609
23.764982
18.149952
21.647614
26.305584
23.857574
23.595312
24.159744
19.426392
22.410229
26.429644
22.198635
19.844522
25.727001
29.116543
25.722033
24.614948
27.165371
25.669525
22.966146
22.632917
23.892431
22.781925
20.749426
23.575384
19.563141
21.779924
18.211597
23.037086
22.359486
24.835346
26.062929
25.880260
21.948242
15.523522
14.982558
12.378669
8.632292
5.039610
8.206749
12.931249
11.236876
13.730803
13.899896
16.717007
19.482567
24.432802
28.321671
29.868181
27.167969
26.059431
21.132219
17.543732
17.254278
17.830265
18.699276
17.198906
15.188709
16.808794
21.168259
22.005938
21.281534
24.390396
27.277018
29.947865
34.439163
30.493740
28.522499
26.788509
24.211105
22.576117
19.402437
18.826941
19.621326
19.946180
20.781631
17.879932
20.662251
22.798777
26.250465
26.067547
29.615623
28.060415
28.786047
28.461210
30.856424
34.678825
32.274094
29.496176
26.930042
22.294613
20.935019
19.780531
16.580276
16.175827
10.889906
11.901943
15.045732
16.286333
15.458622
10.493680
8.192705
8.197233
4.199476
5.309827
3.746254
6.909011
9.145785
9.545233
10.477116
10.236861
9.551854
5.532685
11.258673
14.810390
18.658394
20.308071
19.966928
17.796232
18.367620
18.139158
18.475916
21.876614
21.901819
20.215088
19.814095
20.193310
26.837191
25.593975
25.244968
21.487650
17.684805
18.050400
19.309313
21.521194
22.563393
20.752979
21.102739
22.831547
19.030758
16.850700
21.161444
21.208441
16.629045
18.085346
21.287872
18.415417
16.420568
20.442217
21.048529
16.975273
17.500105
21.541834
19.862989
16.334785
19.816093
21.594698
17.692320
17.197140
21.575270
20.547911
16.365688
19.027626
21.843603
18.254253
16.160130
20.199799
20.899191
16.525442
16.553965
20.713177
19.178699
14.841115
17.595612
19.615826
16.921728
14.034323
11.476051
8.712109
9.141593
9.214663
11.799648
10.232158
10.769076
9.696752
6.874721
8.202491
6.918995
6.755380
8.642677
7.979926
6.673342
9.589219
10.481987
7.871807
9.193012
12.664690
11.639567
9.219914
13.083545
15.605742
13.076776
12.316519
16.966751
17.459827
13.857537
16.254875
20.361263
18.777927
16.403528
20.844255
23.311447
20.374500
21.106403
25.920460
26.003263
23.635654
19.308754
15.029593
14.086552
10.016801
8.552854
11.169861
11.780224
8.310266
7.247156
10.369742
11.265044
8.371531
7.367311
10.961129
12.547481
9.936238
9.111412
13.248544
14.098491
10.750609
11.797343
16.059048
15.467481
11.992358
15.051691
18.234585
15.085480
13.311426
17.877125
18.360027
23.102604
24.481125
22.509733
25.559687
29.381367
32.269306
33.046463
28.320257
27.327444
22.802685
24.948881
27.310986
23.151304
21.543690
25.485826
24.883434
20.019697
20.506821
22.237438
18.144617
16.201298
19.746016
21.149748
18.887707
16.000919
15.899832
12.535371
13.643069
12.637475
8.969551
8.248511
9.617757
6.804174
6.213125
9.032963
7.939164
7.083951
10.034573
12.422053
11.866697
14.115373
17.355642
16.456158
19.276278
RMSD
Copy/paste all the input until here to the appropriate column.
Groupcount of wildtype is:
421
Groupcount of mutated is:
422
If the two preceding values are not the same than you have OXT (oxygen) and hydrogen atoms either in the end or beginning. Proceed with caution
Overall RMSD is:
24.015141
Please copy paste the value above in the appropriate cell
Thank you.
