The program assumes both pdb files start with the same aminoacid. Please check for hydrogens.
Below are the RMSD values residue by residue
19.079102
17.687866
22.497931
26.002827
31.732334
29.702017
30.886911
29.774570
33.045643
30.860107
33.227455
31.820152
31.244158
26.892967
24.416206
26.892513
26.081526
26.965775
27.064920
26.512461
26.395275
27.004583
25.743877
24.873575
22.362335
21.732107
18.384609
13.465751
12.255846
12.054235
15.510739
14.972385
13.930233
14.074710
12.666201
9.887664
8.301731
6.360637
2.539572
2.755064
5.977728
10.137521
14.674049
16.333647
13.513560
17.924311
21.194895
17.394075
16.190758
21.635498
21.113970
15.262590
15.618761
19.211874
16.630871
11.871074
13.727008
13.585293
9.996966
10.914555
13.770355
12.078672
14.456940
18.906706
19.528873
21.608822
25.269270
29.082767
30.630112
35.353394
34.594208
38.980785
35.419102
38.514927
36.549763
36.451870
36.252190
38.600262
41.909878
42.368618
42.432922
46.056149
49.340710
49.107849
48.938389
46.571037
42.129654
42.348274
41.562260
37.237377
33.192215
28.311497
21.238976
23.637665
23.978689
28.326204
25.504246
24.880428
21.215622
16.841698
13.629130
7.747567
7.531311
9.924664
11.870562
15.886539
18.788347
22.550566
25.274277
27.886408
30.598269
34.158325
36.746323
39.426445
38.133678
39.446171
41.322357
47.237324
45.285873
40.837547
44.559986
49.746319
47.394138
46.031509
45.081573
42.734413
42.384502
38.154755
34.149414
38.205265
41.330891
36.302269
33.222023
39.260715
41.037659
35.325134
38.894371
40.326878
41.354599
44.605553
46.441479
41.437141
37.439068
40.391922
36.957375
32.176205
27.944384
25.172749
23.709553
17.704561
12.548290
6.757745
7.112768
6.231781
9.257142
11.440573
17.804770
22.912844
28.779778
34.966850
40.363602
46.274754
48.476410
51.497356
49.198433
47.352959
45.996902
42.520187
39.693638
35.933563
30.545721
28.587347
23.756519
18.498100
14.880650
12.576747
12.993836
15.282458
19.777060
20.139925
20.488235
17.776497
15.632577
19.461042
16.813099
15.925359
13.300003
11.238981
4.625972
3.757057
9.668961
11.579122
17.348726
19.902910
19.648397
17.935043
13.674132
12.398120
13.065001
9.707634
7.911403
6.120773
10.509604
9.961318
14.414968
13.362892
14.949727
18.676205
23.452644
24.746971
28.866215
25.298435
19.332895
17.525066
12.014014
15.431215
16.900063
18.615276
19.862707
18.613312
21.013786
20.021267
20.727112
17.286623
16.606857
19.588198
19.686775
20.774418
20.211287
21.411249
17.162107
14.132558
17.251188
15.638145
14.091928
16.249985
17.937515
19.573711
20.628597
22.537092
24.172642
23.996305
25.840115
25.789110
24.332565
25.418856
27.631609
23.528269
24.253496
21.993706
25.085571
23.828283
25.653959
23.197071
17.119993
15.906107
13.422740
11.348727
8.002283
8.001091
5.776036
7.805873
11.261073
10.052241
8.391877
8.622001
8.594711
9.495000
8.630400
6.493173
8.284492
9.806037
7.937608
7.420232
10.180903
10.250417
7.930120
9.904744
11.851296
10.118658
8.324288
10.448069
10.470633
7.739810
8.073762
9.783694
8.070179
6.325336
8.220794
8.626170
6.398967
6.543292
8.171942
7.111470
5.493787
6.898317
7.677370
5.897781
5.458719
7.611133
9.521193
5.308157
4.983198
7.263359
5.429371
6.046628
7.339597
10.221541
11.982589
9.880304
9.743539
8.024927
8.874809
10.291910
12.377432
13.595136
15.237751
10.829039
11.251248
16.829781
15.147344
12.451113
10.989079
13.969650
13.821545
10.606445
12.005610
14.313886
12.256633
10.912536
14.043325
14.759210
11.861240
12.960442
15.898693
14.272275
12.820180
16.449434
17.580015
14.978729
15.646767
19.005257
18.671158
16.993662
19.707047
21.813200
20.893175
19.485910
16.360044
14.811376
12.610893
14.433479
14.413203
11.491472
10.438697
12.529792
11.022921
8.167064
9.332352
10.617002
8.478373
6.723627
8.909155
9.020487
6.520961
7.401241
9.179108
7.444823
6.421050
8.809406
8.927051
6.623586
8.297151
10.034496
8.262075
7.599736
10.478748
12.386190
10.493917
9.353683
12.186137
13.033814
13.516005
12.949614
9.855442
8.618961
7.003139
9.387876
9.559731
6.963740
8.053051
9.696069
8.004013
6.269125
7.953894
7.329949
5.603125
7.085583
7.313297
6.232121
5.456724
5.870769
7.555399
9.257749
11.250083
9.549840
9.476380
12.549723
12.724407
11.681799
13.988644
16.291777
15.355453
16.156193
18.925491
20.507664
19.567200
21.991692
24.489763
23.216751
25.276852
RMSD
Copy/paste all the input until here to the appropriate column.
Groupcount of wildtype is:
421
Groupcount of mutated is:
421
If the two preceding values are not the same than you have OXT (oxygen) and hydrogen atoms either in the end or beginning. Proceed with caution
Overall RMSD is:
22.549736
Please copy paste the value above in the appropriate cell
Thank you.
