The program assumes both pdb files start with the same aminoacid. Please check for hydrogens.
Below are the RMSD values residue by residue
3.770956
3.701787
4.195345
2.331943
1.603983
1.141401
1.052511
0.829373
1.113837
0.814675
0.374010
0.519389
0.620892
0.343568
0.302615
0.316904
0.540666
0.719396
1.055704
1.315013
2.033391
1.721924
1.342769
1.321854
1.166035
0.894301
0.704875
0.499729
0.625741
0.489625
0.353614
0.253343
0.555642
0.180982
0.285983
0.288100
0.366129
0.358098
0.560816
0.695752
0.807245
0.894941
0.510427
0.744806
0.937751
0.660140
0.569975
0.677979
0.850897
0.976927
1.942389
1.816064
0.945566
0.853960
0.783481
0.763747
0.605665
0.582687
0.548670
0.687384
1.329494
1.009063
1.056760
0.972427
1.400951
0.909271
0.709049
0.547179
0.829780
0.631561
0.604355
0.425296
0.404316
0.266353
0.586557
0.211673
0.136458
0.108579
0.299481
0.413143
0.577227
0.552761
0.441635
0.486863
0.667474
0.643824
0.573784
0.372957
0.327512
0.473624
0.370058
0.268491
0.547589
0.358016
0.212723
0.225063
0.359077
0.194080
0.221158
0.181491
0.348171
0.282998
0.651233
0.378576
0.204193
0.213498
0.283976
0.244294
0.292510
0.551926
0.685654
0.552278
0.672290
0.322471
0.415791
0.554031
0.728408
1.040408
1.329948
1.548013
1.632812
1.826475
1.368773
0.780788
0.802649
0.782830
0.784911
0.614158
0.651545
0.713790
0.558333
0.430569
0.876662
0.754461
0.572239
0.566984
0.478366
0.631567
0.570279
0.377333
0.519664
0.476718
0.572590
0.512800
0.364589
0.458473
0.556254
0.522866
1.045086
0.906747
0.994328
0.644669
0.820320
0.678380
0.529759
0.533610
0.465331
0.399917
0.371609
0.364534
0.161386
0.381091
0.263623
0.177149
0.312898
0.383878
0.151932
0.132686
0.320990
0.226173
0.237544
1.312412
0.782846
0.705472
0.780936
1.023300
1.780623
1.792569
1.116984
1.040736
1.450216
1.238837
1.100278
1.070116
1.478340
0.560063
0.757648
0.364960
0.790155
0.926193
0.783401
0.872795
0.787161
0.597770
0.483600
0.436742
0.514127
0.594978
0.625510
0.759017
0.776655
0.410215
0.830380
0.667952
0.803616
0.773244
0.723676
0.555578
0.624994
0.640402
0.512227
0.675916
0.571956
0.489818
0.654805
0.368522
0.747625
0.963710
0.699429
0.451141
0.972746
0.598913
0.485800
0.633079
0.802752
0.775998
0.808004
0.602625
0.688326
0.860762
0.645432
0.773100
0.716875
0.751211
1.394725
0.701790
0.840797
0.768125
0.489645
0.352837
0.270376
0.420611
0.274912
0.637677
0.857739
0.408579
0.447842
0.429068
0.405321
0.255740
0.187626
0.267812
0.331857
0.207101
0.305202
0.375230
0.359566
0.369739
0.453987
0.186599
0.292543
0.314705
0.490333
0.225709
0.284070
0.231738
0.345433
0.306499
0.520366
0.643539
0.800352
0.591582
0.402935
0.460275
0.715914
0.966514
0.586034
0.720867
0.763204
0.701107
0.692368
0.768802
0.719251
0.610192
1.082147
1.379950
1.000940
0.146130
0.589272
1.307053
1.270699
0.898774
1.138779
0.398213
0.239816
0.399349
0.245382
0.273620
0.171220
0.696650
0.184942
0.490908
0.453312
0.817832
0.232079
0.455470
0.812259
0.844246
1.049692
1.075292
1.207450
1.097011
1.873560
1.797784
2.870892
2.436529
1.692310
1.238842
0.468451
0.878634
1.172869
0.661950
0.868438
0.479222
0.397883
0.527073
0.383863
0.487107
0.406357
0.527017
0.570223
0.666362
0.698692
0.741254
0.516948
0.635524
1.129292
0.955887
0.410269
0.634738
0.942810
0.959045
0.868862
0.894414
0.871758
1.040791
0.788243
0.908839
0.808656
0.889012
0.953339
0.728440
0.653484
0.699087
0.704397
0.901494
0.745000
0.501961
0.569209
0.643969
0.416703
0.555354
0.347819
0.393308
0.420985
0.339665
0.625842
0.335433
0.139516
0.231702
0.279904
0.576526
0.504430
0.516573
0.209032
0.354494
0.355227
0.224000
0.210029
0.315915
0.356101
0.171071
0.657533
0.546097
0.790820
0.796418
0.634707
1.127260
1.379976
1.116509
1.056619
0.421404
0.283971
0.555718
0.467598
0.896964
0.707739
0.437475
0.646715
0.596097
1.132477
0.941807
0.273762
0.430554
0.209838
0.259615
0.522839
0.358049
0.522137
0.491589
0.464302
0.635433
0.340149
0.300488
0.370719
0.492024
0.143383
0.400684
0.819404
0.706668
1.259395
1.274728
0.303481
0.703066
0.710062
0.813507
1.019361
1.143049
1.175848
1.140979
1.164567
0.752060
0.778493
0.805270
0.538440
0.566062
0.651380
0.623434
0.788078
0.690566
0.780408
0.672480
0.682360
0.801941
0.681488
0.733500
0.776229
0.586363
0.824337
0.832890
0.781315
0.966272
1.061288
1.189719
1.009528
1.109328
0.872040
0.954593
0.690663
0.731679
0.416436
0.584756
0.366779
0.296416
0.352520
0.356731
0.783339
0.425201
0.373484
0.192373
0.335186
0.391356
0.561820
0.492872
0.584981
0.656201
0.671752
0.531187
0.324584
0.578588
0.577315
0.737171
0.532172
0.736557
0.946194
0.932141
0.951930
0.873563
0.771537
0.776059
0.813556
0.768260
0.937647
0.825542
0.884897
1.377063
0.921416
0.760062
0.636123
0.677574
1.337816
1.154209
1.156488
0.849872
0.925784
0.874076
0.790799
0.824501
1.448312
1.542760
1.530203
1.174507
1.351463
1.564519
2.294716
2.758205
3.120343
3.157254
2.867698
2.074785
1.762000
2.005713
2.083257
1.572205
1.291166
0.840865
1.148056
1.071107
0.900671
1.179737
1.003506
0.622997
0.479282
0.548267
0.573725
0.951401
1.170620
1.316063
2.009769
1.604428
1.965624
1.746184
2.856404
RMSD
Copy/paste all the input until here to the appropriate column.
Groupcount of wildtype is:
543
Groupcount of mutated is:
544
If the two preceding values are not the same than you have OXT (oxygen) and hydrogen atoms either in the end or beginning. Proceed with caution
Overall RMSD is:
0.915956
Please copy paste the value above in the appropriate cell
Thank you.
