The program assumes both pdb files start with the same aminoacid. Please check for hydrogens.
Below are the RMSD values residue by residue
49.795830
50.222641
50.698681
49.350788
46.742413
46.427925
47.061279
45.703011
42.890518
42.011143
37.798897
34.647594
33.595562
31.732353
28.356869
29.269621
31.715805
32.019684
34.564671
37.604458
38.262711
36.509995
37.208668
36.908680
41.701862
41.023441
37.819580
35.466610
34.904156
32.944695
32.669727
31.764902
34.201073
33.056812
28.352320
26.096886
27.374308
25.950140
21.860109
21.511578
22.231026
22.185783
19.848417
13.658916
8.212448
4.893260
9.559654
13.722799
19.906784
21.355461
23.669378
21.021177
13.721784
12.584159
11.584663
9.755399
4.435302
3.952601
3.200580
6.328045
6.650632
8.738059
10.028049
13.302079
13.979509
16.280346
14.500957
11.008253
12.114182
11.751530
10.008588
11.265576
8.567167
9.178509
8.229088
7.535531
6.663727
6.383813
6.238574
6.343203
6.091468
3.583079
3.070316
1.917002
2.137373
2.488272
3.484313
3.823258
3.845006
4.222537
4.843031
5.238179
5.357759
5.925483
6.677571
6.764833
6.659942
7.724646
8.401239
8.032535
8.533113
9.660229
9.950341
10.569513
8.584827
8.170456
7.364561
6.641768
6.386355
5.150014
4.643533
4.205974
3.116810
3.926027
3.094073
1.065187
1.299785
3.009249
3.440867
3.551308
3.009275
1.627510
1.832856
1.105858
0.745394
0.753617
0.985099
1.164870
1.437429
1.877962
2.023391
2.948591
3.610377
2.938510
8.472007
11.835594
15.322998
15.216324
18.590071
21.137630
18.829863
19.022264
18.435932
15.118202
9.602839
9.514448
6.804599
6.017265
8.304741
3.600074
6.345240
5.877833
9.264697
3.978732
4.461067
4.977142
5.218152
5.296182
6.006213
6.648261
6.734950
6.656850
7.374433
8.174255
8.087037
8.379054
7.538725
6.911608
5.287278
4.539779
4.499009
3.405396
2.892121
2.258377
1.383143
1.591048
1.514661
4.433522
4.001727
2.599885
2.203125
3.986782
10.205341
8.364801
11.343451
5.334796
4.489677
3.359143
2.542701
1.494902
1.729989
1.324010
0.439171
0.453299
1.688326
2.292405
2.987709
3.582978
4.300474
5.404914
5.709187
7.108655
6.962006
5.733510
5.534776
5.243548
3.967879
4.133672
3.050671
2.717569
1.611038
2.037907
1.895795
2.813119
2.687428
4.280701
2.665828
2.984540
2.768064
3.184209
2.343382
0.807463
1.082222
0.869478
0.637218
0.552863
0.803015
1.885099
3.009634
3.237936
4.242863
5.247320
6.481915
7.004405
8.371525
11.002280
11.959537
6.855713
6.180088
5.441840
4.812119
4.106106
3.605754
3.570442
4.544233
4.295416
3.909648
5.208276
5.342940
4.502938
5.088756
4.426396
3.857525
4.720004
5.290704
4.230689
4.668368
5.232654
5.593064
4.717737
5.222106
6.018624
6.359620
7.161264
6.467245
5.493340
5.218703
4.901364
4.687300
4.773094
4.279465
4.973358
5.470337
6.377857
7.040725
6.549736
6.675952
7.537426
8.321797
7.426482
6.846917
7.815990
8.346066
6.952107
6.824615
8.057650
7.912230
6.789188
7.735893
8.568215
7.599903
6.900813
8.136477
7.896092
7.683889
6.983657
6.544068
6.039698
5.975293
5.335321
5.682636
5.523906
7.509240
12.702489
18.094629
19.743296
19.362326
21.942863
19.187874
15.446763
9.654240
6.716026
5.424262
4.528617
4.533533
4.835225
4.966346
4.570475
5.067939
5.690731
5.643917
5.743510
7.503742
6.970867
7.774460
7.435899
8.191498
8.793511
9.079683
9.435034
8.765674
9.417080
9.068111
9.480242
8.681093
8.664800
7.858164
8.511938
7.333513
5.536088
5.662421
6.130717
6.709567
7.580263
7.974755
8.379813
8.924635
9.535253
9.109539
9.374223
9.233560
9.878201
9.860953
8.798074
9.210854
10.265100
9.759522
8.957262
9.783289
10.586429
9.809795
9.317330
8.279018
7.451781
8.052749
8.298128
7.948905
7.421629
6.034385
6.188317
6.656871
5.579928
4.751163
3.765082
3.027458
2.605166
1.267461
1.825918
2.341970
4.039464
4.531993
5.282362
7.132013
6.183214
6.523749
6.394389
6.138171
5.509590
5.617059
6.692481
6.614483
7.257206
7.113865
7.505623
6.561075
7.202760
5.824872
4.689583
4.559079
4.151013
8.104095
3.321498
3.366802
3.412438
4.172695
6.039706
2.862607
4.401881
4.082962
4.371507
4.103750
5.436271
4.286797
3.756582
2.791417
2.080454
1.575400
2.488034
3.421366
4.633650
5.312001
4.895194
4.679102
3.841104
3.462998
3.087561
2.178711
4.995188
4.972864
5.506410
9.230992
10.633778
6.093576
5.990473
8.017756
6.792179
5.125144
6.332594
6.617969
5.483686
6.653572
7.825077
7.299589
6.301373
4.776411
5.874282
1.502041
5.184165
3.767337
2.465420
8.344168
10.537887
11.882884
10.807419
11.829430
12.867777
13.112617
16.068695
15.164404
12.733764
13.439907
12.856856
10.012838
5.341813
3.546830
3.681681
5.290028
6.131921
3.757870
3.925239
1.085406
1.485424
1.944699
2.854750
3.710568
4.051492
3.828421
3.079467
2.049023
0.922846
1.195155
2.043809
3.581338
4.405895
4.417676
5.856014
6.058679
6.479999
5.273035
5.810168
6.032064
3.996503
3.375217
3.998907
5.971776
7.393214
9.775810
8.383219
3.552794
8.362988
8.946175
8.761221
12.720278
12.478892
9.615097
6.500045
7.239312
4.527906
4.664178
4.060378
5.834175
6.886294
8.647441
9.189519
8.663738
8.930794
8.429265
6.493463
5.734905
10.052802
11.557734
10.580164
13.510140
16.531992
15.652081
9.475381
10.010756
11.881230
9.235781
5.428733
6.604427
5.419570
6.531726
3.962100
3.486188
6.139117
8.138967
13.565962
20.622375
23.474926
23.815388
23.341423
19.210958
RMSD
Copy/paste all the input until here to the appropriate column.
Groupcount of wildtype is:
544
Groupcount of mutated is:
543
If the two preceding values are not the same than you have OXT (oxygen) and hydrogen atoms either in the end or beginning. Proceed with caution
Overall RMSD is:
12.757524
Please copy paste the value above in the appropriate cell
Thank you.
