9
1
7
9
9
9
7
6
1
6
1
1
8
1
9
9
8
3
6
8
9
1
9
9
9
4
2
9
3
10
1
4
1
10
9
1
5
0
1
1
1
0
4
0
2
1
2
9
2
5
9
1
7
3
7
1
1
1
1
1
1
1
1
0
1
1
1
1
9
9
9
9
9
9
9
9
1
2
1
3
9
9
2
1
1
1
1
1
1
1
7
9
9
9
1
1
1
0
1
1
1
1
1
1
1
1
1
1
1
1
1
1
1
1
1
1
1
1
0
2
1
1
1
1
1
1
2
10
9
8
1
1
1
3
1
1
1
1
1
1
2
2
1
2
1
1
4
1
1
1
2
10
1
3
9
1
1
1
1
0
1
2
4
9
9
1
3
1
1
1
1
1
1
9
1
1
1
2
1
2
6
8
9
3
9
5
9
8
7
9
1
6
2
9
3
5
1
6
9
10
9
9
9
9
9
5
6
3
9
5
9
9
8
9
9
1
2
9
6
9
2
7
4
5
2
8
6
5
6
9
4
1
1
3
1
8
9
7
1
5
1
1
1
1
1
3
9
2
9
1
6
7
0
5
8
7
5
0
9
9
7
8
3
8
8
4
9
9
5
9
9