The program assumes both pdb files start with the same aminoacid. Please check for hydrogens.
Below are the RMSD values residue by residue
31.902931
29.436375
29.258390
35.568035
35.851116
33.794785
39.816799
42.378490
38.281773
39.760555
43.038090
41.676441
37.986412
38.218811
37.487064
30.712076
28.158346
30.764933
29.145632
31.182028
32.799114
28.027067
31.056465
34.195644
36.373146
36.140362
36.286488
37.533916
42.158058
42.511089
39.596840
39.445301
41.915409
42.129864
44.195934
50.708088
51.121124
49.641510
51.699917
51.144672
48.998123
47.084503
46.681904
40.935955
39.872223
42.500633
37.526882
33.235027
36.801678
35.595146
29.091906
29.954065
34.580303
30.487127
26.299328
31.419840
34.772255
30.227160
29.837212
28.390665
31.132515
33.399715
31.098288
32.839973
39.586468
39.478745
34.646965
37.787060
44.474453
43.087017
43.102364
41.740585
40.477505
38.821808
35.737045
33.892540
27.119783
26.873360
30.778046
26.090845
21.186495
26.229610
27.590382
22.091320
23.241995
20.302534
19.956448
24.555567
25.372049
25.311529
25.560139
25.460325
23.348106
26.915260
21.290558
20.862144
15.687359
15.390855
12.733799
10.690411
10.926577
10.610368
13.213220
13.146846
13.713068
17.489630
19.943991
20.674347
21.647129
24.385187
25.873470
26.744490
28.573133
33.520157
34.204937
37.434818
39.255920
40.313778
35.716553
33.177414
35.416626
33.937325
30.123465
32.117592
27.065485
21.914946
22.844936
21.561916
16.817703
18.320436
23.325022
21.291613
15.523462
19.266249
23.778666
21.295033
21.182407
21.351166
16.584837
19.572460
24.055645
20.112326
18.195837
24.202213
27.639698
24.528038
23.882931
26.942575
25.349037
22.860470
23.288113
24.507130
23.058517
21.209124
23.718597
19.736742
21.940546
18.469549
23.780130
23.463934
25.646465
27.354067
26.795465
23.365963
16.336208
14.394098
10.060870
7.292132
3.132025
5.233363
11.337268
10.473406
12.343486
12.812401
14.959078
17.907703
22.284792
26.450115
27.659000
25.252434
24.863228
20.264185
16.062532
14.758791
14.882963
15.675745
14.563785
13.098211
15.094873
19.549265
20.711262
20.234968
23.533363
27.001072
29.557543
34.584629
30.454533
28.105078
26.411850
23.152697
21.245251
17.700468
16.983181
18.074024
18.523539
20.034798
17.649599
21.001654
24.084873
27.810495
27.965761
31.454189
29.441576
29.896605
29.384007
32.014862
36.346058
34.064034
31.458368
28.588923
24.168556
22.386618
21.114017
17.847715
17.301607
11.564577
12.834294
16.616535
18.161507
17.780201
13.489002
11.034131
10.843355
6.548387
7.089929
4.980730
6.939501
8.893103
9.319444
10.412978
10.710359
9.851547
5.691394
11.341711
15.480701
19.662207
21.699543
21.612560
19.682678
20.483278
20.045122
20.561951
24.520092
25.013968
23.652142
23.514805
24.005020
30.506191
29.623083
28.797327
25.195309
21.388168
21.342451
22.880590
25.774527
27.498590
25.312738
24.753708
26.428654
22.790176
20.173889
23.840223
23.946590
19.404978
20.068371
23.047550
20.206171
17.947111
21.438139
22.170311
18.248650
18.349491
22.183508
20.668039
17.249828
20.306446
21.940458
18.190639
17.739056
21.687582
20.466679
16.755501
19.370182
21.624043
18.003355
16.601910
20.365654
20.440805
16.387625
17.121508
20.610126
18.485697
15.233846
18.225065
19.092773
15.889593
13.847313
11.504101
11.140162
11.655766
12.600297
13.983603
11.888354
13.857878
14.730173
12.593144
14.428593
12.627821
10.957702
13.334332
13.401464
10.977794
12.611638
14.444791
12.353439
11.909046
15.052138
14.779744
12.224141
14.657948
17.415800
15.274837
13.991056
18.011555
18.717627
15.265809
17.175739
21.026936
19.508789
17.224672
21.402866
23.696522
20.673222
21.503399
26.141054
25.959162
23.544701
19.337881
15.771935
15.113503
12.168759
11.058339
12.932231
13.427984
11.291637
10.381939
12.291860
13.160554
11.463733
10.521544
12.715570
14.088695
12.280219
11.237309
14.147559
15.022820
12.371193
12.692431
15.945631
15.402543
12.425535
14.650117
17.136864
14.466056
12.830688
16.467234
16.657007
20.920502
22.242020
20.804602
23.823954
27.403461
30.572113
31.131374
26.641521
26.012220
21.673819
23.969812
26.466558
22.542866
21.153381
25.290640
24.835793
20.258854
21.299730
23.194691
19.235641
18.032299
21.665033
22.905672
20.790728
18.605539
18.581799
15.588488
17.091442
16.405195
12.856144
12.792854
14.395600
11.892166
11.065648
13.553073
12.846470
11.146948
13.489337
16.063772
14.192714
15.868644
19.477848
18.152050
19.802242
RMSD
Copy/paste all the input until here to the appropriate column.
Groupcount of wildtype is:
421
Groupcount of mutated is:
422
If the two preceding values are not the same than you have OXT (oxygen) and hydrogen atoms either in the end or beginning. Proceed with caution
Overall RMSD is:
24.738510
Please copy paste the value above in the appropriate cell
Thank you.
