The program assumes both pdb files start with the same aminoacid. Please check for hydrogens.
Below are the RMSD values residue by residue
33.132351
28.146851
25.565001
22.228001
15.517851
15.919201
10.603541
10.164522
7.238723
2.070082
5.484202
6.800857
5.523103
2.601857
1.594263
6.648582
8.243873
6.963042
1.696888
1.004215
1.170452
1.080760
0.956297
1.026230
0.798907
0.867395
0.793688
0.626290
0.674649
0.855066
0.816769
0.809800
0.801725
0.969874
1.158355
1.447410
1.510890
1.782174
1.860333
2.234601
2.005829
2.439507
2.596758
2.829625
2.784931
2.498406
2.338995
2.311037
2.256857
2.080539
1.920002
1.903816
1.816403
1.691085
1.558534
1.676244
1.599834
1.278518
1.358228
1.376091
1.680272
1.900742
1.749279
1.695778
1.738245
1.940279
2.136945
2.178209
2.480124
2.425877
2.608949
2.641911
2.707233
2.899334
1.327972
2.268886
2.289431
2.093885
1.997945
1.773735
1.580778
1.526564
1.288312
1.032033
0.897898
0.934357
1.037203
0.840502
0.666918
0.893757
1.008781
0.937226
1.050399
1.358178
1.439651
1.371045
1.545578
1.721333
1.779364
1.707018
1.780337
2.076030
2.163765
1.905017
1.890069
1.705288
1.633759
1.380058
1.347806
1.106351
0.889517
0.980551
0.986077
1.134032
1.247335
1.285569
1.265205
1.410677
1.238034
1.218761
1.352802
1.456841
1.604462
1.713950
1.587418
1.556989
1.646746
1.329506
1.290213
1.331928
0.915381
1.064360
0.697028
0.653704
1.470729
1.578218
1.442629
1.359048
1.005799
2.318139
2.730841
2.185653
2.190212
2.488114
2.789102
0.933629
0.914104
1.031154
1.229843
1.503484
1.500192
1.640132
1.609460
1.297384
1.344931
1.423616
1.334808
1.070603
1.159433
1.372592
1.180689
0.971579
1.194026
1.322876
1.157064
1.148048
1.357163
1.371973
1.379995
1.464699
2.002788
1.911049
1.882412
1.688778
1.701692
1.770990
1.696213
1.764080
1.514442
1.554968
1.592256
1.389773
1.206266
1.258241
1.127540
0.888636
0.941984
0.981998
0.766214
0.662690
0.897371
0.889006
0.730486
0.747393
0.990031
0.922875
0.903289
1.185678
1.314870
1.303847
1.267101
1.368925
1.632976
1.813415
1.848108
1.578774
1.599608
1.893650
1.830502
1.632232
1.779794
1.951238
1.752002
1.739960
1.951146
1.929581
1.977367
1.787575
1.525736
1.411334
1.268260
1.373191
1.405052
1.378908
1.543099
1.615890
1.539847
1.752107
1.868766
1.718723
1.718745
1.982454
1.997645
1.868473
1.995409
2.220335
2.145582
2.073163
2.018158
1.777762
1.677461
1.477697
1.356704
1.184655
0.985601
0.849760
0.692382
0.701291
0.868711
0.804344
0.989219
1.049596
1.044224
1.082963
1.252328
1.345346
1.377341
1.479797
1.678563
1.708488
1.708477
1.540220
1.320166
1.114168
1.055607
0.876676
1.092272
0.951207
0.843480
0.718200
0.824910
0.909516
1.059741
0.675160
0.556785
0.553089
0.566828
0.568536
0.560778
0.498126
0.666516
0.676767
0.896376
0.836186
0.807421
0.962061
1.137910
1.078535
1.031812
1.215611
1.382170
1.501983
1.581674
1.610470
1.840557
1.969654
2.165316
2.105163
1.842697
1.845142
1.983230
1.858449
1.742894
1.735381
1.770551
1.628474
1.543060
1.688955
1.701484
1.489906
1.525648
1.476196
1.499433
1.409354
1.290581
1.450886
1.513044
1.298388
1.238161
1.455536
1.428887
1.231671
1.328347
1.563680
1.336565
1.195407
1.384985
1.482298
1.352063
1.096018
1.200471
1.432206
1.577205
1.759806
1.962274
2.101958
2.422995
2.466985
2.139841
1.741493
1.727557
1.388403
1.396888
1.236666
1.063764
0.916161
0.999566
0.900207
0.772872
0.647383
0.623430
0.708396
0.962715
0.943522
0.937745
1.119045
1.256044
1.483094
1.442825
1.828105
1.661686
1.564474
1.783892
1.863042
2.023079
2.142456
2.018103
1.991075
1.930602
2.008021
1.898477
1.718218
1.660345
1.686629
1.664404
1.567463
1.344970
1.092812
0.934762
0.955386
0.942678
1.036577
1.228939
1.460636
1.572820
1.571138
1.730349
1.842233
1.946914
2.192813
2.136255
2.009300
2.242729
2.245176
2.026503
2.070859
2.358475
2.200710
1.938688
2.077800
2.253100
2.044780
1.932396
2.114125
2.043016
1.846330
1.852973
1.822294
1.880554
2.004294
2.054444
1.967857
1.996763
1.957921
2.061518
1.967361
2.163983
2.023142
1.940728
1.935364
1.900990
1.969976
2.083446
2.208855
2.299928
2.256819
2.671210
8.073466
9.094786
3.371042
6.004810
8.646863
3.987252
4.194929
7.765922
4.301421
5.021542
9.507854
11.957184
12.435606
14.366078
18.493210
22.335480
23.990116
25.309053
30.291382
33.350578
35.797157
36.642410
41.138397
43.563431
44.251781
RMSD
Copy/paste all the input until here to the appropriate column.
Groupcount of wildtype is:
453
Groupcount of mutated is:
453
If the two preceding values are not the same than you have OXT (oxygen) and hydrogen atoms either in the end or beginning. Proceed with caution
Overall RMSD is:
6.377634
Please copy paste the value above in the appropriate cell
Thank you.
