The program assumes both pdb files start with the same aminoacid. Please check for hydrogens.
Below are the RMSD values residue by residue
48.582584
52.314251
52.446381
50.970089
47.797390
49.114777
45.382473
41.213799
43.934784
45.510307
41.563011
39.321793
39.268242
35.807697
33.067535
27.477783
26.700935
23.454332
23.413059
22.440380
23.953070
24.475880
26.861893
24.561680
24.102245
25.116673
26.487099
21.664539
24.612936
25.143221
23.619717
24.940651
30.564148
35.109268
32.297428
32.880981
40.030388
42.118088
38.182636
41.174168
46.605232
49.470619
47.586891
49.989136
55.661079
57.439114
62.112316
65.029816
69.958076
66.500992
68.050735
64.908264
66.257584
67.889488
68.992714
69.342491
68.433121
62.938931
60.275715
57.043015
58.487331
57.608891
61.763313
60.781643
61.833553
62.155449
60.849812
60.981419
59.343933
52.202560
53.246056
57.693111
53.402561
47.464302
50.407665
51.181721
45.383343
42.001057
45.414051
44.096039
38.757210
38.820633
35.301472
34.697235
34.406273
34.259529
40.634300
42.021587
37.210640
38.757881
45.605946
44.833321
41.228764
45.387760
51.025227
48.838318
47.420303
53.599461
56.480148
53.704292
56.008102
62.348534
62.610264
61.468769
66.405724
69.670601
72.840988
73.480499
70.118324
74.649612
73.479233
66.956238
68.349243
72.746422
68.059631
63.448940
67.720108
68.879684
62.323708
61.122383
66.101395
62.414497
56.854553
59.791054
61.085922
56.278507
53.153713
59.342827
60.010628
53.630219
55.470242
61.018803
57.128475
53.504471
59.475010
61.638046
56.047554
54.389149
58.985741
61.309185
55.453300
52.945446
58.448193
58.277184
52.194778
52.882801
58.880211
56.295158
50.861763
47.264374
43.166592
41.574677
40.034885
34.192867
35.437244
41.411762
38.931664
33.219551
37.180244
41.910061
41.978283
35.186897
32.560558
32.301838
26.839293
23.497086
27.303944
33.429581
33.024071
31.469006
34.925323
36.224197
39.739193
36.070709
32.881016
37.248936
39.064472
34.068741
29.551355
29.239805
25.420336
27.068089
27.131433
31.061989
28.881636
27.992426
21.641602
18.670219
18.225542
21.002747
20.480640
16.929317
15.382528
14.025541
11.963129
10.053072
8.998026
5.891927
5.708002
4.263747
5.890672
7.043501
9.131524
10.913133
13.684650
15.960885
15.906634
18.459698
18.449192
21.931175
22.248453
23.169279
25.417416
26.409874
27.497908
28.539009
27.609354
30.349001
32.269535
32.265442
28.842953
28.587715
30.539534
28.379150
30.397018
32.059181
28.029861
22.175085
24.231894
22.293985
19.440607
17.961941
19.376076
18.115360
17.578321
15.910433
15.044248
14.989503
16.556545
20.421667
20.027718
22.082689
21.098104
22.384848
23.353926
25.390041
21.325535
19.326508
19.067211
21.731674
21.471699
17.494507
17.920790
17.204578
15.989150
12.422992
11.935786
10.425411
10.180031
10.142029
10.171943
8.161082
6.442917
7.213555
6.819010
4.758080
1.348935
3.069159
5.273510
5.120439
7.971195
9.387070
10.104482
11.307193
13.305910
14.031616
16.510582
18.494257
17.662125
19.522696
21.098406
24.437641
24.412413
24.118374
23.425306
21.451057
25.903893
27.517014
22.939531
25.440142
22.463058
22.047281
21.743740
21.039627
19.409056
18.129978
18.557262
17.367170
15.414464
15.581557
15.524653
13.526989
12.654158
13.884311
12.702510
9.780503
10.404240
14.398796
12.415839
11.124777
12.383730
12.799285
13.605745
15.120051
16.288931
18.402744
18.771379
20.659954
21.863897
22.148746
23.085890
24.559284
25.771002
25.596588
28.894257
29.550747
34.319237
39.333683
40.727863
45.831444
50.776028
53.580139
49.901402
44.170448
40.685028
36.103710
29.338419
26.372330
26.288923
24.738771
26.012257
24.288656
25.330984
24.169907
21.015343
20.975840
23.117943
21.547241
18.272800
19.996408
21.105019
20.180721
19.063816
18.362713
20.135389
18.614326
18.189440
17.426455
17.846605
18.668701
18.368330
20.323385
20.331360
19.167339
18.338509
17.048830
16.565331
15.276578
14.405894
13.797539
11.848596
11.716633
12.903932
10.757460
10.035623
11.910110
11.875042
13.240580
14.142165
15.316013
17.184917
17.728050
18.954002
21.959866
23.753044
26.302643
26.719421
28.501417
24.956738
25.004295
23.223547
25.579727
25.152880
22.935255
20.664816
19.800955
19.325516
18.934172
20.008959
18.370712
19.811016
18.053005
16.407705
17.862093
18.115101
15.328403
14.751297
16.529556
15.355723
12.769500
14.305834
15.640666
12.379230
12.126114
13.680172
13.403232
10.725430
10.181479
7.838938
8.342321
7.761788
9.612518
10.724455
12.973332
14.561006
14.859496
13.528090
16.665146
18.542257
19.167320
14.528433
13.519644
16.871035
18.480072
15.136456
13.345911
12.399653
13.234046
11.544179
9.625477
10.194544
10.703205
8.597582
6.990872
8.937149
9.031715
6.820447
6.647420
6.781751
5.638736
5.567848
5.167491
7.503575
8.527862
11.249397
12.716040
15.768547
16.311947
15.731882
14.936043
12.461160
11.659204
9.640395
8.868026
6.734176
6.774673
4.864102
7.029636
8.457212
5.056903
7.758337
10.494849
11.278555
7.212113
3.261495
2.894697
4.646086
7.288367
8.237926
8.130805
10.612549
10.655301
12.373804
14.371533
13.367892
16.279861
16.991261
17.875708
18.441771
20.025621
13.758332
14.421349
12.514867
12.297331
10.500670
6.904056
4.681334
3.402297
1.923231
3.625185
5.207486
8.344172
9.908805
11.916192
12.607141
10.682040
8.940110
5.407490
7.617675
6.523588
3.041321
1.309826
1.487492
4.012035
5.311261
8.076785
8.341557
10.317554
9.926000
10.297568
12.097328
11.569747
8.796507
7.016181
6.965415
5.127038
5.629189
7.455684
8.010196
8.431449
10.213650
11.456866
11.759356
12.330911
14.376244
15.586932
15.637605
16.794981
18.761829
19.233213
20.603334
22.633509
24.098808
17.925669
12.481948
8.237619
4.311723
9.962400
13.746990
18.522253
19.752758
15.071600
16.610502
22.793680
23.118597
19.344427
23.086746
27.904852
27.124729
24.643476
29.238617
33.019878
37.042633
41.155239
43.413376
44.900101
49.122997
52.612881
54.449024
57.200329
61.089642
63.725727
65.415054
69.346199
73.404663
74.845543
75.176292
76.041008
81.787071
82.033882
75.547234
72.126595
66.749100
62.827805
60.824547
60.219807
61.756741
61.087643
61.634285
64.673332
66.379402
65.702744
66.442764
69.026291
70.457047
70.033768
70.795967
73.483437
74.054741
68.166168
68.418243
61.598217
63.161106
69.149391
65.548599
60.465870
65.800484
67.448502
61.418953
61.398434
62.354382
63.248672
58.978313
57.293903
52.378109
52.432930
51.790344
57.528652
58.364948
63.031849
62.168404
59.871330
64.621590
69.619781
72.703041
71.480728
75.516006
74.721397
78.317513
RMSD
Copy/paste all the input until here to the appropriate column.
Groupcount of wildtype is:
629
Groupcount of mutated is:
629
If the two preceding values are not the same than you have OXT (oxygen) and hydrogen atoms either in the end or beginning. Proceed with caution
Overall RMSD is:
37.055676
Please copy paste the value above in the appropriate cell
Thank you.
