The program assumes both pdb files start with the same aminoacid. Please check for hydrogens.
Below are the RMSD values residue by residue
9.222821
7.072143
6.791076
4.351694
3.820124
2.470409
1.207395
1.197851
1.071783
1.211528
1.876847
2.485850
2.886479
3.601731
4.557034
2.942663
1.821860
1.948229
2.559244
0.542526
0.806371
1.018802
1.201112
1.716453
1.257481
6.010105
1.110759
0.970809
1.700669
1.644810
0.871225
1.000245
0.968586
1.004087
1.151755
1.402315
1.329546
1.475199
1.749766
1.487948
1.614581
1.826984
1.778912
1.649694
2.342783
2.683234
2.231019
2.073617
2.186681
2.089041
1.631574
2.072450
2.687813
1.820259
1.944083
1.848604
1.428347
1.150175
0.865696
1.181295
1.952158
2.437277
1.068644
1.313513
0.335420
1.513409
2.365875
2.168723
2.594403
2.023994
1.707483
2.227925
2.306041
1.717774
1.947536
2.455045
2.111641
1.675097
2.235929
2.669154
2.164754
1.422240
1.401173
1.188843
1.080187
0.819760
0.719612
0.789378
0.647668
0.558551
0.277967
0.699251
0.680449
0.670281
1.021030
1.335024
1.299378
1.164541
1.426264
1.750817
1.705318
1.696241
1.842056
1.931024
2.579654
2.880007
2.773498
2.548788
2.074052
2.185430
2.107229
1.680454
1.789563
2.205131
1.928069
1.483367
1.607901
1.503658
1.193809
1.150208
1.075190
0.773374
1.046459
0.908774
1.010994
0.864341
0.978811
1.412701
1.656202
1.550913
1.551415
1.718913
1.793040
1.635424
1.765279
2.252618
2.115729
2.116565
1.888025
2.166502
2.041401
1.903350
2.067354
2.248774
1.799607
1.899044
2.378006
1.689768
2.024663
2.415203
1.504266
2.112387
1.914647
2.031054
1.287471
1.404036
1.732141
1.433973
1.951571
2.016519
3.163834
2.255118
2.612786
1.727644
0.923261
1.853520
1.179476
1.439426
1.555849
1.651869
1.572678
0.968338
1.033291
1.152702
0.994349
0.895699
0.961714
1.036186
1.040105
1.379711
3.380738
2.280037
1.231755
0.926459
2.221897
1.447980
1.839050
2.248781
0.612805
1.044076
1.356324
1.498628
1.845984
1.727504
1.770880
0.870855
0.680150
0.495232
0.353460
0.581586
0.207061
1.110157
0.912523
0.997244
0.440114
1.148544
0.850335
1.140503
1.834523
1.464145
1.368338
1.342954
1.408170
1.420253
1.382414
1.383070
1.369455
1.335547
1.537042
1.699013
1.520680
1.541970
1.589681
1.474177
2.591538
1.466043
1.431137
1.489900
1.239654
1.422530
1.223951
1.085411
1.223765
1.066557
1.487231
1.568814
1.645782
1.787350
1.546776
1.383065
1.243440
1.106890
1.270248
1.154902
0.940531
1.074606
0.993479
0.831047
1.164906
1.402260
3.715161
2.725936
0.899224
1.453964
1.986042
1.392023
1.010136
1.582609
1.952371
1.112820
0.979883
0.921467
0.811574
0.757337
0.735365
0.865599
1.787006
1.601909
0.926798
1.758947
1.104112
0.684162
0.755857
0.892152
0.671656
0.470054
0.990776
0.662895
1.073549
1.062280
1.129431
0.514176
0.395218
0.764190
1.061384
1.386188
1.547667
2.214435
2.748045
2.572724
1.992699
1.820527
1.554380
2.148009
2.271133
1.733593
1.636727
1.726255
1.694463
1.514140
1.480772
1.665660
1.303032
0.898125
2.635131
2.702824
1.625406
1.203803
1.225524
0.907989
0.757359
0.899424
0.768148
0.723480
0.852488
0.894433
0.859145
1.066050
1.154410
1.193250
1.545650
1.477042
1.981291
1.972289
3.150560
4.148850
2.060278
1.273902
2.744272
3.525869
2.831799
2.164460
2.501209
3.704397
4.184850
4.572286
6.697588
7.003089
7.497686
8.138103
4.457438
3.889665
4.298446
5.627526
4.383084
3.152009
3.218407
2.321741
2.597311
2.629816
2.328090
2.301006
2.254793
2.450615
2.006210
1.646665
1.489075
1.453748
1.785015
2.194170
2.105096
2.141676
3.320115
2.040185
2.070536
1.487356
1.214581
1.159303
1.476962
1.159331
1.128757
0.699427
0.641814
0.599045
0.436124
0.783248
0.274085
0.548372
0.604066
0.638706
0.667872
0.486472
2.217857
0.746460
3.150912
2.236732
1.310928
1.629571
1.483931
1.226677
1.040853
1.158510
0.808541
1.156365
1.064668
1.556723
1.127213
1.299298
1.212067
1.513606
1.515896
1.805104
1.843615
1.869409
1.768010
1.646099
1.898428
1.965363
1.754213
1.768156
1.811878
1.824240
1.388304
1.579445
1.832975
2.181219
1.878424
1.605422
1.452318
1.514853
1.250143
1.514840
1.261103
1.459819
1.411101
0.442424
1.061915
0.575321
4.103721
4.939111
6.503158
7.511632
8.582969
7.540255
2.469542
1.225393
1.389154
2.022655
1.672971
1.360043
2.007795
1.940849
1.701664
1.759641
2.466905
2.390239
2.106036
2.122844
1.889673
2.493360
1.300041
1.323393
1.144887
0.795387
0.807655
0.914812
0.921793
0.672221
0.659653
0.444140
0.126777
0.687075
0.893160
0.913553
0.377956
1.460429
1.121208
1.791084
2.872430
1.972891
2.239066
2.479891
1.313871
0.879755
1.237191
1.957934
1.973667
2.316457
1.475186
0.438638
0.488598
0.483381
0.476684
0.562998
0.705022
0.827188
0.796644
0.600329
0.480737
0.451787
0.811579
0.589038
0.551501
0.490200
0.440186
0.872314
0.072999
0.253186
0.309868
0.521622
0.539913
0.534364
0.969160
1.040204
1.269842
0.941835
2.411067
2.204045
1.680783
1.058689
0.805127
0.341776
0.537994
0.417830
0.980360
1.359744
0.906175
1.143789
1.158895
1.482013
1.427852
2.079752
2.291962
3.017355
2.720418
3.055171
2.937526
1.908574
1.611440
1.713844
2.323208
2.098032
1.966245
2.289341
2.791664
2.645545
2.429242
2.866286
3.153185
2.702662
2.632447
3.916176
3.762670
3.254419
3.270376
2.281882
1.832890
1.903222
1.969759
1.581137
1.786167
2.113097
2.040625
1.811390
2.057458
2.269949
2.797129
2.729091
2.255914
2.411094
2.925453
2.547662
1.742599
6.418687
8.514744
3.388171
4.498185
9.412622
7.876577
1.691488
8.485702
12.109719
8.427804
4.795015
12.196175
14.232233
10.783238
9.942368
7.139860
2.868753
5.889196
3.534568
8.726268
12.997617
17.375875
18.160862
19.523159
20.765203
15.517550
11.726834
14.663204
12.500791
6.690630
7.641545
11.623741
7.115705
6.352196
12.859324
15.861334
12.820286
14.402313
11.783417
15.846979
12.701829
7.517374
10.721093
14.719167
11.418427
12.595243
17.833158
21.809999
20.735897
24.552948
23.606155
20.826694
15.437467
19.176794
17.279041
10.861232
8.368852
15.074931
16.936354
14.240769
19.351051
24.966160
24.981365
23.205198
25.620058
28.119644
RMSD
Copy/paste all the input until here to the appropriate column.
Groupcount of wildtype is:
629
Groupcount of mutated is:
629
If the two preceding values are not the same than you have OXT (oxygen) and hydrogen atoms either in the end or beginning. Proceed with caution
Overall RMSD is:
5.167779
Please copy paste the value above in the appropriate cell
Thank you.
