The program assumes both pdb files start with the same aminoacid. Please check for hydrogens.
Below are the RMSD values residue by residue
16.657085
16.219809
17.983654
16.915871
10.329490
7.374293
3.053450
5.578933
4.452776
5.969837
6.468846
3.156271
7.059743
9.395088
6.776310
6.055641
8.462199
5.392157
1.797923
2.943661
2.430213
2.117429
1.731576
2.024467
1.917545
2.127717
1.956290
2.073215
2.100655
2.010225
2.213865
2.026630
1.950561
1.716593
1.747412
1.552500
1.728936
1.783336
1.870919
1.904232
1.895911
2.116625
1.900198
1.888043
1.763846
1.372398
1.543835
1.171770
0.980093
1.361927
1.383024
0.943529
1.168444
1.560300
1.376114
1.278094
1.727220
1.898037
1.794939
1.483249
1.232980
0.951506
0.732878
0.875442
0.798561
0.697857
0.956165
1.249068
1.555842
1.919836
2.135739
2.373557
2.460052
2.154328
3.062963
2.301381
1.538521
1.525942
1.328326
1.059826
1.091006
1.069676
1.397001
1.893546
2.155002
2.247602
2.100434
2.403798
2.615377
2.320708
2.216030
2.517188
2.505115
2.131524
2.296525
2.608824
2.278895
2.171815
2.426933
2.729925
2.424329
2.108878
2.427751
2.322906
2.512420
2.327038
2.315317
2.215637
2.027206
2.168758
1.988523
2.470967
2.593701
3.019905
3.225602
3.107044
2.695347
2.473229
2.271590
1.833443
1.530874
1.163179
1.132564
0.946292
0.831933
0.533498
0.740995
0.713415
0.611590
1.141995
1.044699
0.894847
0.923190
1.230940
1.438587
2.011185
2.122595
1.599602
1.840511
2.099286
1.375949
1.014659
0.879131
0.916615
0.505642
1.082430
1.065377
1.194853
1.667434
1.853772
1.764443
1.998346
1.862438
1.460295
1.638943
1.877016
1.460897
1.170301
1.568925
1.535891
1.103732
1.120527
1.381268
1.184549
0.791908
1.038759
1.148388
0.810538
0.719691
0.709906
0.884688
0.976064
1.126773
1.019061
1.290534
1.447906
1.484213
1.783838
1.537279
1.649158
1.763597
1.372722
1.123540
1.341950
1.325830
0.908711
1.027847
1.329125
1.076744
1.012451
1.321491
1.584327
1.390445
1.489794
1.787494
2.008818
2.008863
2.034632
2.460134
2.570087
2.308959
2.217959
2.480542
2.672700
2.471210
2.079798
2.349710
2.610221
2.244327
2.076413
2.318395
2.382151
1.967196
2.079518
2.475930
2.396164
1.706707
1.887707
1.746049
1.856868
1.798814
2.109930
1.694418
1.369824
1.398174
1.333445
1.047274
1.236974
1.531366
1.376640
1.210984
1.531660
1.756880
1.596903
1.581124
1.977337
2.062238
1.912970
1.650146
1.396662
1.056854
0.762711
0.539578
0.485650
0.544445
0.832001
0.929935
1.142501
1.289073
1.521650
1.604878
1.711187
1.356906
1.202716
1.489859
1.396790
1.078406
1.345368
1.549101
1.211680
1.307493
0.952499
0.888368
0.632123
0.509093
0.428710
0.591548
0.660198
0.582388
0.495248
0.757424
0.780605
0.690693
0.427734
0.438067
0.695481
0.683694
0.680378
1.062865
0.861548
0.717514
0.408775
0.551525
0.712282
0.773514
0.782279
1.026332
1.177858
1.199308
1.187169
1.290937
1.657541
1.827026
1.613032
1.873715
2.188048
2.323684
2.497451
2.204288
1.926727
2.202237
2.287112
1.806416
1.886660
2.211169
2.075055
1.766767
1.968326
2.299622
2.076026
1.915453
2.157260
2.457466
2.730869
2.608630
2.968192
2.781550
2.297985
2.454663
2.640452
2.370440
2.081006
2.356358
2.436451
1.996653
1.988733
2.202807
2.175076
1.729860
1.668415
2.122888
2.202546
2.461878
2.880227
3.124177
3.261172
3.566388
3.781673
3.474334
3.077403
2.644771
2.213057
2.041243
1.787358
1.362041
1.310381
1.532570
1.422426
1.031951
1.266604
1.372831
1.334466
1.584833
1.642579
1.866523
2.047227
2.228014
2.385281
2.570771
3.042232
2.897916
2.850513
3.170309
3.248358
3.335737
3.414225
3.199875
3.420131
3.169477
3.352753
3.535274
3.059334
2.922545
3.262063
3.018152
2.901437
2.591131
2.362186
1.923279
1.476317
1.493765
1.878588
2.211525
2.765433
2.799500
2.661416
2.856400
2.985724
2.993025
3.367024
3.063576
2.716341
2.956658
3.226114
2.894553
2.739727
3.123823
3.136791
2.794444
2.936344
3.313229
3.119561
2.886621
3.270766
3.433116
3.063143
3.178959
2.861394
2.952810
2.680423
2.593287
2.215399
2.168643
1.824946
1.797114
1.756186
1.744879
1.401233
1.356342
1.344059
1.542615
1.854996
2.086170
2.556936
2.964374
3.248297
3.344487
7.586558
9.864703
10.654354
8.667580
12.161564
17.584435
15.648249
16.789417
23.166304
24.898783
20.300018
24.679413
30.577492
27.500189
24.416796
30.748280
32.337887
26.779936
29.422825
33.963676
30.857145
29.689865
36.235928
36.891163
32.092087
RMSD
Copy/paste all the input until here to the appropriate column.
Groupcount of wildtype is:
453
Groupcount of mutated is:
453
If the two preceding values are not the same than you have OXT (oxygen) and hydrogen atoms either in the end or beginning. Proceed with caution
Overall RMSD is:
6.564444
Please copy paste the value above in the appropriate cell
Thank you.
