0
1
5
4
8
8
9
6
9
1
0
9
2
2
9
5
8
9
5
8
9
2
9
1
1
10
7
9
9
9
7
1
1
8
7
1
1
8
10
2
1
3
1
2
1
1
2
9
9
1
9
0
9
7
1
1
1
1
1
5
1
1
1
1
1
1
1
5
9
9
6
9
9
10
9
9
1
1
1
1
0
8
5
10
1
1
1
1
1
1
1
9
9
1
1
10
1
1
1
1
1
1
1
1
1
1
1
1
1
1
1
1
1
2
1
1
1
1
1
1
1
1
1
1
1
3
9
1
1
4
7
1
1
1
1
1
1
1
1
1
1
7
1
1
1
1
10
4
4
5
2
9
9
1
9
10
1
1
4
1
0
1
3
1
9
2
2
1
1
3
1
1
1
2
1
1
1
1
5
1
9
1
9
9
4
1
1
9
9
9
4
8
7
9
9
9
2
9
9
9
1
9
1
4
3
2
3
8
6
9
8
9
9
8
1
1
1
7
1
8
10
5
9
9
8
6
9
2
4
9
8
9
9
8
9
4
9
3
9
8
3
9
4
8
9
8
9
1
9
2
0
3
2
3
3
9
8
1
3
9
1
8
2
9
1
8
9
9
6
0
8