2
8
2
9
10
9
3
4
6
9
9
2
7
9
7
9
8
9
9
1
6
8
1
5
9
4
6
2
4
9
1
1
1
9
1
4
3
8
0
1
1
1
1
2
1
1
1
2
9
2
2
1
5
1
1
0
1
1
1
1
1
1
1
1
0
1
1
1
8
9
9
9
9
9
9
9
1
1
1
1
9
1
6
1
1
1
1
1
1
1
2
9
9
0
1
1
1
1
1
1
1
1
1
1
1
1
4
1
1
1
1
1
1
2
1
1
1
1
1
1
1
1
0
1
1
1
1
1
1
8
1
1
1
1
1
1
1
1
1
1
1
2
1
1
1
1
1
1
2
2
1
8
1
1
1
1
1
1
1
1
1
1
1
1
3
1
1
1
1
3
2
1
1
1
1
1
2
1
2
2
1
2
1
1
4
1
8
5
7
1
2
5
1
9
9
8
10
9
4
9
9
9
6
1
5
8
6
7
6
9
9
9
9
3
7
1
9
2
8
9
9
9
2
9
9
9
9
8
8
2
9
7
1
9
9
9
8
9
5
9
9
9
9
2
1
5
9
1
9
8
9
9
10
5
9
3
9
9
3
9
9
7
9
0
9
1
9
1
5
3
4