9
8
7
9
1
7
1
1
0
2
7
10
3
7
8
9
8
9
8
2
1
9
8
9
1
2
1
9
10
8
1
1
1
8
2
1
1
9
9
9
1
1
1
1
1
1
1
2
4
9
2
1
3
1
5
1
1
1
1
1
1
1
0
1
0
1
1
1
6
9
9
9
10
9
9
9
0
1
1
1
1
2
9
9
1
1
1
1
1
1
9
9
9
1
1
0
1
1
1
1
2
1
1
2
1
1
1
1
1
1
1
2
1
1
1
1
1
1
1
1
3
1
0
1
10
4
0
1
4
2
8
1
1
1
1
1
1
1
1
4
1
2
1
1
1
1
1
8
5
1
9
9
2
2
9
2
1
1
1
1
1
4
8
1
1
1
1
1
1
9
0
2
1
1
1
1
1
1
6
1
1
1
9
9
9
7
9
2
0
9
0
9
3
7
10
7
5
1
8
9
9
9
9
1
9
9
8
7
9
10
9
1
5
9
1
9
9
9
9
3
8
2
1
8
2
9
2
1
8
10
10
9
4
9
9
8
9
3
6
7
9
9
8
6
1
9
2
0
1
9
1
4
1
8
1
9
1
4
1
8
9
7
9
9
3
2
4
8
2
9
7