The program assumes both pdb files start with the same aminoacid, Please check for hydrogens,
Below are the RMSD values residue by residue
4,490246
1,892186
0,740279
0,733258
0,934201
0,799678
0,780685
0,676206
0,994163
1,180297
1,396698
2,154502
1,836876
1,482434
1,782590
0,964868
1,346844
0,838445
1,124766
0,834603
0,882106
0,848538
0,772491
1,522259
1,240243
2,125887
1,892895
0,654451
0,311099
0,315772
0,879424
1,673464
1,890175
1,181846
1,129680
1,186682
0,977899
0,933794
0,707009
0,644714
0,449082
0,284056
0,511181
0,388851
1,163415
0,731462
0,969384
0,618055
0,777010
0,599643
0,821256
1,246406
0,902452
0,979747
0,884557
0,821770
0,621703
1,460696
1,701525
1,163564
1,660786
2,001744
0,389711
0,550777
0,388156
0,750907
0,701627
1,093489
1,042518
0,723581
2,093261
1,944157
1,327306
0,749498
1,251984
2,108963
3,068394
3,191526
3,841710
2,388069
3,373793
2,283311
2,400459
1,404519
2,002878
1,960510
1,691804
2,261356
2,478412
1,985895
2,036626
2,373194
2,078900
2,083342
1,939954
1,730896
2,056144
1,727942
1,404153
1,317372
1,410507
1,793686
1,871506
1,551877
1,035741
0,817676
0,999208
1,096184
0,751781
1,173097
0,541074
0,483230
0,539181
0,870116
0,828736
0,471492
0,513199
0,615184
0,642214
0,800921
1,772814
0,567411
0,609504
0,980372
0,415278
0,298763
0,805867
0,571428
0,494064
0,332196
0,384777
0,815383
0,681987
0,346663
0,689176
0,383882
0,687928
0,880988
1,221830
0,897298
1,087249
1,176321
1,013017
0,779675
1,032158
1,205995
0,657229
0,862457
0,931617
1,719175
1,376067
0,755005
0,897822
0,719267
0,791033
0,863417
0,872770
0,776805
0,786501
0,911338
0,823071
1,170563
1,131337
1,010538
0,982416
0,932833
0,999585
0,924223
1,021180
0,710106
0,707352
0,408196
0,364342
0,457590
0,391618
0,458735
0,521785
0,342985
0,650440
0,780732
0,764549
0,348866
0,927592
1,164387
0,505223
0,504399
0,561881
0,760899
0,587253
0,445038
0,536652
0,287787
0,373899
0,241814
0,050868
0,104099
0,273068
0,309460
0,634733
0,796531
1,044321
0,909262
1,000598
0,867442
0,823207
0,478549
0,677827
0,348332
0,467701
0,296544
0,140006
0,127610
0,262479
0,390073
0,482493
0,412514
0,413530
0,387066
0,844928
0,680734
0,647595
0,743105
0,757618
0,833315
1,104100
0,921080
0,983940
0,734908
0,724807
0,361335
0,741874
0,565801
0,868186
0,783831
1,058218
1,222692
1,185116
0,804727
1,161268
0,933547
0,683505
0,664439
0,530360
0,257437
0,439916
0,574367
0,846412
0,657846
0,673835
0,692284
0,651143
0,711700
0,756484
0,663948
0,795134
0,801596
0,680191
1,045210
1,071407
0,805093
0,818901
0,654631
0,604030
0,326184
0,348777
0,630966
0,677595
0,471106
0,451044
0,779789
0,722812
1,000871
0,584100
0,295991
0,384967
0,836011
0,557251
0,672863
0,740537
0,825161
0,682205
0,554843
0,967511
1,211649
0,985287
0,936197
0,928467
0,803046
1,100809
1,065132
1,072100
1,212904
1,069460
1,185730
0,905415
0,999851
0,818184
0,921552
0,815083
0,661018
1,022173
1,049749
1,170222
1,142256
0,796461
1,357738
1,102961
1,522501
1,647246
1,416176
1,134820
1,519915
0,751752
0,777299
0,491848
0,714145
0,998555
1,155971
0,900032
0,975168
0,595566
0,787694
0,730155
0,779433
0,838153
1,182411
0,922160
0,964307
0,573030
1,119650
0,346329
0,856867
0,726050
0,960037
0,755028
0,838193
0,711304
0,589270
0,495328
0,298530
0,527256
0,339579
0,620527
0,504934
0,235400
0,215910
0,271152
0,206681
0,467189
0,584442
0,536257
0,556164
0,292952
0,407006
0,317454
0,637119
0,828009
0,678721
0,961995
0,896791
0,749719
0,635166
0,769992
0,732610
0,442153
0,796298
0,808166
0,562658
0,331509
0,311560
0,356656
0,405344
0,283011
0,206998
0,824156
0,590457
0,317200
0,308915
0,322580
0,338341
0,282945
0,283316
0,159349
0,310793
0,138823
0,337214
0,302875
0,455275
0,399812
0,349794
0,559690
0,581507
0,447479
0,524958
0,820376
0,483843
0,343923
0,512649
0,454557
0,468963
0,428676
0,308543
0,350256
0,353720
0,326174
0,497742
0,542245
0,397739
0,571628
0,371100
0,357447
0,591297
0,647986
0,600343
0,289563
0,226679
0,310361
0,811096
0,805711
0,098314
0,187367
0,429320
0,083709
0,517990
0,779433
0,937891
0,198744
0,487496
0,639810
1,367869
1,418379
1,116755
0,954387
0,758125
0,544625
0,698627
0,318440
0,653060
0,454827
0,392560
0,667082
0,271781
0,451801
0,187274
0,746369
1,089770
0,388620
0,582922
0,766335
0,749126
0,274170
0,490233
0,570194
0,524171
0,542833
0,642988
0,708247
0,747619
0,665468
0,649725
0,789598
0,658256
0,304429
0,533951
1,082382
0,877122
0,729843
0,377266
0,326009
0,453482
0,507222
0,682625
0,413067
0,474540
0,382017
0,564607
0,537922
0,595811
0,487850
0,533338
0,573176
0,418042
0,616342
0,440966
1,064319
0,570202
0,759615
0,659124
0,460739
0,564516
0,696862
0,529627
0,512448
0,671486
0,671765
0,523719
0,946486
0,844863
0,787143
0,908583
0,775185
1,119280
1,319381
1,191212
1,051418
0,915500
0,636534
0,905447
1,467209
1,290347
1,051587
1,007327
1,239624
1,288630
1,116750
1,016411
1,105413
0,776085
0,850287
1,070755
1,184677
0,991746
1,098678
1,222632
1,466506
1,375878
1,173713
1,387114
1,925472
1,638244
0,988810
1,705621
0,736978
1,079294
0,654317
0,435523
0,499129
0,598880
0,522771
0,487156
1,244135
0,792303
1,031295
RMSD
Copy/paste all the input until here to the appropriate column,
Groupcount of wildtype is:
544
Groupcount of mutated is:
543
If the two preceding values are not the same than you have OXT (oxygen) and hydrogen atoms either in the end or beginning, Proceed with caution
Overall RMSD is:
0,986627
Please copy paste the value above in the appropriate cell
Thank you,
