The program assumes both pdb files start with the same aminoacid, Please check for hydrogens,
Below are the RMSD values residue by residue
11,858905
9,468763
11,032688
9,281080
10,104566
10,590089
10,058115
16,392355
20,216808
24,940613
30,315073
30,109133
32,154499
27,667486
28,079102
28,324694
31,225931
33,004871
39,578060
40,740974
45,734470
48,612648
51,578083
51,494564
48,067005
44,815014
42,694378
40,915325
43,418766
42,150833
41,533951
39,830204
35,446018
33,013687
32,676922
36,002209
32,259842
26,604637
27,814636
26,839123
26,925568
29,472925
29,980661
30,331261
30,635933
29,910082
30,916803
31,748846
37,572918
36,721226
39,461586
35,511784
31,264494
27,468493
26,157518
18,947321
17,914043
16,107904
15,304935
11,420307
11,341122
9,725854
8,706038
8,295589
8,963858
9,301599
9,719700
11,644084
12,444202
13,382969
14,373234
14,254900
13,163570
14,294098
10,837380
9,840416
14,738621
15,434072
20,608780
22,756847
25,011971
23,636833
21,582930
19,616716
14,865101
15,454539
17,668640
15,971208
14,048042
15,639305
16,927597
14,911253
13,991845
16,504139
16,716290
14,959802
16,066628
18,019327
17,293192
16,511049
18,416656
19,752142
18,250183
18,595314
16,918156
16,779530
14,263031
13,220010
10,566361
9,729654
8,020576
7,834403
9,830269
10,252614
12,433359
12,406512
11,165435
10,661463
12,331522
12,636500
14,595951
15,504276
19,502272
17,943876
15,821702
16,496706
17,917845
15,774558
14,919668
15,751233
15,789634
14,546068
16,137333
17,952612
24,309940
24,638201
28,204971
30,545614
32,117531
34,460102
33,789673
34,936409
32,663784
31,875782
26,149534
29,806013
26,892067
25,904964
25,249479
22,576139
16,943907
18,074862
19,352785
17,190725
16,189856
18,806793
18,961920
16,775278
17,939905
19,881413
18,739948
17,732599
19,754484
21,397375
19,755503
19,563219
17,009983
15,141112
13,564493
11,233827
11,133154
9,705348
11,059565
11,461581
12,496509
14,390532
14,622880
15,988581
14,905266
19,735077
21,911438
23,768518
24,030895
28,854269
26,165237
26,376486
26,017921
20,298262
17,740816
18,282497
16,477074
14,598623
12,390588
10,473578
9,155744
9,508442
9,418990
11,393606
12,213455
14,789835
16,105350
17,900694
19,012362
18,157516
17,359333
15,219367
14,240548
11,837166
10,638005
8,392726
7,840662
6,148719
4,900724
4,176247
6,048983
5,448217
9,934159
11,649275
11,137259
10,586357
11,901183
10,636628
9,762560
7,330336
6,679164
6,591759
6,629289
4,925018
5,485078
7,610366
9,330035
11,855145
14,050000
15,256096
18,148605
18,121836
17,455851
13,924015
12,311641
10,591232
8,495832
7,009188
4,778662
4,750860
3,418802
2,509442
1,997015
1,519866
2,525243
2,811130
3,792686
4,299330
2,747064
3,340378
5,849028
6,224683
6,546996
7,489728
8,455268
7,640902
8,422122
10,010938
9,997314
11,848623
10,065979
7,795885
7,476099
5,544511
5,957201
5,348053
5,768455
4,193607
4,667431
4,244921
4,440329
5,274983
3,216713
1,891410
3,859183
3,509392
2,081259
4,918344
5,847541
4,005945
5,289681
7,734447
7,354336
6,424783
8,567243
10,020329
9,188958
9,254746
10,891260
10,458405
9,980619
8,376734
8,419656
6,290071
6,758057
5,589120
6,675056
6,870911
7,814887
9,208027
8,664059
5,389027
4,937235
2,814710
4,192575
4,520985
6,452389
8,020762
10,020708
9,708746
11,830771
11,911621
12,668216
10,771640
12,080919
10,716262
12,756899
10,995608
8,894340
8,046218
6,611474
4,230772
6,004868
8,385958
9,794780
10,423321
9,956811
11,685328
11,744025
15,652554
18,581877
18,787075
15,665908
16,224970
15,253252
17,418804
22,527744
27,593185
26,591963
24,552855
27,316820
25,210997
30,613626
32,514915
35,969486
33,394306
30,902903
27,491213
27,883514
27,992550
24,125549
21,373386
24,899675
22,049934
19,018820
17,254702
14,535204
15,509621
16,814703
15,780311
14,426882
16,309532
17,127764
15,599080
14,218002
12,377332
10,720238
12,369847
12,805198
10,641571
10,745205
10,010251
11,320195
11,367262
8,146850
6,039277
4,116910
2,230304
0,920566
2,111093
4,315570
5,918616
7,592847
9,830289
10,679960
12,797510
12,699945
15,354989
14,024484
12,059215
14,403616
16,167337
14,760330
14,728895
17,243065
15,423672
13,503951
12,316887
10,121508
10,366439
8,106060
9,038568
10,884162
10,609261
11,166069
10,121058
12,129077
11,978285
12,622734
9,891940
10,578414
9,041721
9,647755
7,564022
7,217557
5,775475
6,752308
5,259099
4,494256
6,054718
5,622455
6,218066
2,162802
6,415784
7,241131
8,593060
8,067955
8,127976
7,264115
7,361614
7,348658
4,411852
6,407901
6,371011
13,131164
16,105909
22,960220
27,052015
33,487423
39,903637
45,056065
48,869900
55,297337
56,438988
62,418430
63,800499
60,847412
57,469467
55,928535
49,908123
44,981270
39,420288
34,246662
29,641998
23,991684
17,868662
17,178902
12,892420
13,414282
18,561159
19,912907
22,050245
22,798666
23,107124
21,533148
17,528494
15,924734
15,547516
12,492299
10,009622
16,052502
18,955915
23,345242
24,319536
25,227705
23,831280
22,598511
24,798931
29,191496
28,432949
32,519802
37,137535
40,036339
47,319927
50,088657
55,211174
55,264103
53,868774
56,576080
53,941612
55,801941
52,628494
53,672306
51,956612
51,723633
50,541885
50,850861
50,795387
46,318256
48,809330
51,202496
52,598862
52,146324
52,799309
54,699104
52,209957
53,553150
54,318478
52,841385
59,040932
59,618362
66,234848
67,059776
73,702301
76,708244
82,198006
88,315018
93,225288
99,560898
101,438255
107,476250
106,362526
109,556892
107,522629
107,403290
106,467300
102,147797
100,602760
98,237358
95,320747
91,766014
89,987206
86,940636
87,841301
86,057831
87,459419
90,630249
96,045967
97,167564
RMSD
Copy/paste all the input until here to the appropriate column,
Groupcount of wildtype is:
544
Groupcount of mutated is:
543
If the two preceding values are not the same than you have OXT (oxygen) and hydrogen atoms either in the end or beginning, Proceed with caution
Overall RMSD is:
31,102068
Please copy paste the value above in the appropriate cell
Thank you,
