The program assumes both pdb files start with the same aminoacid, Please check for hydrogens,
Below are the RMSD values residue by residue
27,148235
24,724228
23,240026
22,657160
22,621838
25,296679
26,350143
24,840561
23,037079
24,888662
25,935604
25,492289
29,407505
26,559141
25,262888
22,854822
21,286160
19,437862
16,864267
15,920550
16,854122
16,835392
15,730743
13,428795
17,237343
21,526806
22,099073
15,335788
13,467783
10,153558
3,642306
3,423542
6,286643
12,921344
17,728237
17,784002
20,734938
20,581978
20,033726
16,450346
19,683165
23,380636
23,921774
20,591169
20,328012
19,970665
20,543636
24,914295
25,057161
24,547564
22,311058
24,924231
19,287243
14,188469
8,510337
10,615160
9,889525
9,448192
8,763499
8,873079
7,379963
5,621169
7,140430
5,491540
5,261576
4,484902
2,900648
3,315147
4,601456
5,638690
9,637700
12,369049
17,199074
19,926947
18,916124
20,834396
24,378607
23,116884
26,376286
25,123266
22,106148
18,680651
11,700044
5,020644
2,520911
3,924631
3,933644
2,837022
2,897724
4,110269
3,458721
2,909184
4,572235
5,063183
4,182068
4,831897
5,803407
5,359285
5,038263
6,286862
7,020582
6,392153
7,063604
8,587575
7,489621
7,838677
6,806186
5,598797
4,939938
4,273189
3,086732
2,405688
2,221417
2,869140
3,581671
3,127364
3,260317
2,794194
4,643304
5,006217
4,976143
5,404449
4,465476
5,261996
4,709122
5,705812
5,640497
4,113174
4,397717
5,060993
4,486711
4,363944
5,294578
6,450856
7,978823
9,863665
9,049397
5,121046
10,767406
11,871236
16,491791
19,388725
14,833484
13,671737
13,933522
14,402122
10,777247
6,303812
4,408771
4,314069
8,258982
7,787084
6,848797
6,113201
6,435866
6,605556
6,250572
5,981857
6,833799
7,436990
6,851348
7,241924
8,339167
8,401852
7,974244
8,615493
7,858342
7,086510
6,051095
5,063813
4,244127
3,440764
3,740103
3,522091
4,221843
5,296007
5,518602
6,407526
7,625570
7,008181
6,854617
8,481770
9,015444
9,648927
11,830005
6,364436
6,931221
7,897283
7,878951
5,532482
4,890308
4,583060
4,633776
4,109379
3,173604
3,681127
3,882929
4,847864
5,917977
6,798645
8,049172
8,626076
9,421449
8,463041
8,229238
7,123717
6,936568
5,910449
5,219102
4,061471
3,594445
2,487400
2,385330
2,063517
3,006733
3,617248
2,778480
5,616478
4,861602
4,697762
4,438487
3,859681
3,832474
3,388467
3,610726
4,290130
4,623405
4,107246
4,288316
5,570013
6,264132
6,830360
7,774261
8,695647
9,699955
10,424590
8,741879
9,339270
7,524773
6,255930
5,276924
4,312819
3,366231
2,558897
2,361629
2,271807
2,482762
3,414790
3,376354
2,999788
3,633375
3,361710
3,345152
4,145142
4,502099
4,357301
4,677824
5,419972
5,935287
5,918630
6,226964
6,873294
6,557205
7,468990
6,594765
5,335300
4,663111
3,713281
3,120796
2,532048
1,839124
2,409055
2,966144
5,211322
4,553997
7,426033
5,284338
5,902618
7,104677
5,167694
4,312174
5,714539
6,529845
5,255502
5,043290
6,339505
5,994476
5,330069
6,039740
6,980525
6,115157
5,784954
7,223325
6,107854
6,886171
5,238720
4,835087
3,883880
3,550680
3,055397
3,109136
4,167873
4,016011
6,516637
4,918232
4,832157
3,626132
4,352024
4,272519
4,240983
4,432267
5,150126
5,821060
6,418463
7,474766
7,968371
8,685709
7,338669
7,385828
6,809643
6,609889
6,671722
6,117451
5,695403
6,416579
6,740804
9,102719
4,817472
3,637800
4,213003
4,680914
5,164871
5,411798
4,766597
3,968192
6,786784
7,353050
9,457287
9,505872
8,698711
4,844382
6,273594
13,019441
17,070402
16,351807
19,773994
20,092127
22,973627
24,416119
24,611315
23,715351
17,060581
16,278179
19,080471
21,694311
20,008291
18,703150
21,430155
16,937351
16,398703
10,465590
10,862259
11,566508
10,630551
9,825783
11,653179
12,557970
10,844243
10,121842
8,772244
7,821303
8,913922
8,713689
6,677358
6,327509
5,529644
4,920678
4,027036
4,696991
4,641793
3,738232
3,756107
3,999932
4,295993
4,954567
6,198447
7,305741
8,304083
8,501094
10,026863
9,393005
9,597470
9,508988
10,017447
10,834591
11,132546
10,827116
11,183006
11,740809
11,590085
10,480950
10,150266
10,180283
10,040557
10,229802
10,394076
10,796686
10,989806
10,875190
10,689582
10,216855
10,501743
11,026949
11,119731
10,722227
8,835966
7,544789
6,389658
6,485649
5,854746
6,357611
6,288424
6,565319
7,255373
7,135722
9,084685
8,412601
9,010555
9,078555
7,667113
9,658286
14,439859
16,435537
20,176031
24,455044
26,189083
26,092560
25,946468
28,550879
28,854137
33,705040
33,998985
35,381493
38,307865
44,220982
45,179626
51,888199
53,600231
59,492012
61,650299
55,636703
54,094002
53,877312
50,682438
46,361137
43,487305
39,280819
33,402386
28,092165
24,882036
21,690536
20,467609
21,696617
21,253132
21,496737
20,652485
22,328234
18,654505
24,604380
28,390318
24,923374
30,061527
35,767334
39,317196
40,610470
40,088596
35,378769
30,842884
26,549543
29,107027
29,051016
28,479813
27,813421
28,226658
27,313942
25,059404
22,271114
18,269596
16,739937
12,962871
11,169444
10,334120
7,692830
10,629956
7,971825
12,856693
10,018099
14,495690
11,131285
15,719625
13,816648
15,344933
16,622189
16,454691
19,269863
21,058657
22,577606
24,756453
25,485775
30,284283
27,311462
32,294018
31,326900
29,490685
27,889425
26,642933
24,849335
24,826563
21,419409
21,553938
18,515295
15,673953
16,903477
15,978605
14,791094
13,976746
11,848638
8,139241
2,259990
4,689730
4,503050
9,110892
12,370853
17,790812
21,826874
27,833696
33,771393
38,754036
42,026649
44,246338
47,809769
53,873123
55,802853
RMSD
Copy/paste all the input until here to the appropriate column,
Groupcount of wildtype is:
544
Groupcount of mutated is:
543
If the two preceding values are not the same than you have OXT (oxygen) and hydrogen atoms either in the end or beginning, Proceed with caution
Overall RMSD is:
16,759949
Please copy paste the value above in the appropriate cell
Thank you,
