The program assumes both pdb files start with the same aminoacid, Please check for hydrogens,
Below are the RMSD values residue by residue
2,369231
0,821048
0,560495
0,877737
0,919699
0,319974
0,651961
0,250638
0,195552
0,661267
0,231406
0,207753
0,432215
0,437119
0,139253
0,255009
0,287594
0,341953
0,137099
0,083967
0,391027
0,179228
0,291879
0,345476
0,119035
0,196544
0,323120
0,254018
0,180848
0,083381
0,031465
0,352147
0,289864
0,449315
0,419934
0,327298
0,203889
0,374131
0,484352
0,519616
0,401783
0,506702
0,364781
0,520741
0,487526
0,228042
0,267778
0,302250
0,468414
1,128023
1,078101
1,731060
1,094716
2,498176
2,907675
2,671639
2,270350
2,018734
1,787005
1,457662
0,524336
0,544942
0,307112
0,412080
0,267244
0,321797
0,838917
0,352636
1,207433
0,872505
0,666434
0,641201
0,232468
0,878564
0,870908
0,544265
0,503885
0,462315
0,640997
0,688860
0,299658
0,746912
0,612126
0,148943
0,360390
0,401824
0,344295
0,490758
0,377225
0,417692
0,498848
0,401728
0,318973
0,732752
1,160496
0,339216
0,642651
0,898125
0,720236
0,389976
0,501723
0,636907
0,326753
0,308679
0,471026
0,432078
1,169482
0,698244
0,303059
0,245934
0,346499
0,374621
0,526950
0,788587
0,644821
0,266837
0,556322
0,609840
0,479679
0,386378
0,493789
0,395341
0,572606
0,696730
0,488858
0,435895
0,309046
0,210927
0,484535
0,821817
0,524040
0,403998
0,462714
0,462409
0,394798
0,279881
0,388144
0,662198
1,027927
1,435035
0,791778
0,187390
0,132752
0,618652
0,786276
0,371385
0,146337
0,532365
0,337560
0,363799
0,315673
0,405120
0,483609
0,526267
0,593142
0,606322
0,563914
0,322406
0,386441
0,861194
0,592914
0,566537
0,323326
0,707568
0,456827
0,359550
0,349617
0,187996
0,171962
0,147676
0,362736
0,378671
0,582942
0,897385
0,792121
0,834206
0,969796
0,822155
0,758507
0,772542
0,764776
0,767677
0,779260
0,457898
0,559031
0,639465
0,497515
0,575580
0,360178
0,439240
0,412634
0,277869
0,363103
0,279458
0,376806
0,749522
0,503646
0,230313
0,247156
0,130263
0,285199
0,351208
0,314807
0,330031
0,443523
0,479673
0,425116
0,264748
0,301573
0,345691
0,503657
0,718467
0,749622
0,507358
0,938943
0,299456
0,806470
0,677581
0,700935
0,283116
0,820631
0,546980
0,635288
0,666454
0,410741
0,339520
0,494874
0,456393
0,350934
0,554787
0,402511
0,589973
0,811734
0,445678
0,414250
0,377039
0,307037
0,254793
0,582188
0,552547
0,620703
0,703855
1,079816
0,810397
0,988368
0,680301
1,062973
3,734291
3,975922
4,157805
3,262670
1,254403
0,787689
0,394099
0,562868
0,570181
0,821237
0,939849
0,663260
0,502126
0,240792
0,248247
0,366625
0,386569
0,427192
0,388014
0,358324
0,308268
0,301158
0,867550
0,822628
1,060910
0,250778
0,343244
0,609592
0,617495
0,940802
0,984772
0,909198
2,446784
2,812683
3,353604
1,449595
2,073975
1,296551
1,390599
1,096728
0,801607
0,897903
0,901359
0,883468
0,707569
0,571515
0,487033
0,484384
0,501218
0,839736
0,969856
0,317649
0,364462
0,396213
0,186131
0,142060
0,170760
0,108870
0,145262
0,309213
0,093858
0,362263
0,272288
0,585776
0,495857
0,518461
0,555978
0,736012
0,522774
0,698251
0,734185
0,832603
0,619904
0,993423
1,150402
0,675718
0,533659
0,544596
0,442870
0,292481
0,520171
0,774855
0,473937
0,334048
0,707917
0,931209
0,636883
0,673413
1,144087
1,010151
0,569048
0,872523
0,923492
0,858104
0,228747
0,502044
0,530438
0,608230
0,633128
1,302788
1,146233
0,801093
0,671514
0,724612
0,529489
0,132702
0,315326
0,371714
0,579304
1,073439
0,490699
0,314000
0,195938
0,561098
0,202319
0,565751
0,447565
0,970163
0,381808
0,457354
0,379496
0,401233
0,312009
0,461054
0,714349
0,953832
0,467164
0,328941
0,199895
0,341402
0,384426
0,366901
0,311126
0,496319
0,703815
0,562780
0,648745
0,619614
0,406581
0,558943
1,044105
0,899718
0,534528
0,677570
0,834482
1,136305
0,967192
0,554879
0,635643
0,834891
0,770814
0,784466
0,817426
1,118260
1,253637
1,085966
0,750637
0,314303
0,786731
1,053870
0,964893
0,694868
0,555100
0,479668
0,486912
0,477468
0,708072
0,583432
0,589997
0,688402
0,619380
0,738045
0,747146
0,655140
0,415552
0,500953
0,606672
0,431141
0,864776
0,713916
0,573298
0,698021
1,199410
1,054364
1,418865
2,242107
2,579802
2,524536
3,135046
3,533517
6,681288
3,794397
2,757165
4,746471
5,878080
12,778046
15,442220
21,971611
RMSD
Copy/paste all the input until here to the appropriate column,
Groupcount of wildtype is:
446
Groupcount of mutated is:
445
If the two preceding values are not the same than you have OXT (oxygen) and hydrogen atoms either in the end or beginning, Proceed with caution
Overall RMSD is:
1,736319
Please copy paste the value above in the appropriate cell
Thank you,
