0
0
0
0
0
0
0
0
0
0
0
1
0
2
1
0
1
0
2
6
3
6
7
7
5
3
4
5
1
0
6
5
0
3
5
7
10
7
11
9
6
5
4
4
5
11
10
11
7
5
5
11
3
10
8
6
3
5
7
9
11
10
6
8
11
11
11
11
7
11
3
6
4
3
2
4
11
9
7
8
6
4
6
4
2
3
6
2
3
2
2
4
4
7
11
7
1
7
6
4
5
7
1
6
5
7
5
0
1
2
1
4
4
5
4
8
5
8
11
11
11
11
8
6
11
6
9
10
11
4
11
11
11
7
9
11
6
8
11
8
9
11
8
8
11
11
11
11
7
5
11
7
4
11
11
3
11
11
9
5
8
11
6
11
11
5
10
9
9
11
11
7
3
10
11
5
9
7
11
7
6
11
11
5
3
11
11
4
6
9
9
6
6
11
6
2
9
9
4
6
5
11
11
6
8
7
7
8
9
11
11
11
11
4
5
7
11
11
9
3
5
11
7
11
11
11
11
8
9
9
11
7
11
11
7
6
11
11
11
9
7
10
11
11
11
6
11
11
11
11
8
11
11
11
11
7
11
11
11
11
11
11
11
11
7
11
11
11
11
11
11
2
11
4
11
6
11
11
11
11
11
11
8
11
11
11
11
9
11
11
11
11
11
8
8
11
3
4
11
11
7
11
11
11
11
11
11
11
11
11
10
11
11
7
11
9
3
11
8
6
11
8
11
8
9
11
11
11
9
11
9
11
9
11
7
8
4
5
6
6
9
11
11
11
11
11
10
11
11
11
6
11
11
9
8
8
7
11
9
9
11
7
6
5
5
6
8
7
6
3
3
7
9
6
9
5
11
7
9
11
7
9
11
11
6
11
9
9
11
9
11
11
4
4
11
11
7
7
6
5
5
9
11
5
9
8
4
9
11
11
6
9
8
11
8
7
11
11
11
6
9
11
9
11
11
5
4
3
4
10
3
4
10
8
6
7
11
6
9
7
4
4
6
11
4
3
11
9
6
11
9
6