The program assumes both pdb files start with the same aminoacid. Please check for hydrogens.
Below are the RMSD values residue by residue
37.759491
34.759132
33.975636
33.072491
40.097065
41.841625
42.489513
44.302303
43.601624
46.745502
49.892323
53.130924
52.830093
49.057152
50.576187
46.110840
41.240448
43.056118
39.564426
35.920670
37.892204
39.536156
40.172874
35.627815
30.035759
26.475525
26.240005
22.838133
24.361475
25.591032
24.518900
18.017174
18.446831
23.081913
21.181488
18.211811
14.451531
13.645260
10.770713
14.555617
14.543983
17.910892
15.586868
14.324715
15.126318
15.703455
13.911151
13.327719
15.126207
15.350666
13.882476
13.747002
16.063417
16.237995
14.474025
15.321903
17.896761
16.691839
15.605532
12.552386
12.823262
13.168897
10.832188
13.443625
15.970372
13.737552
12.166614
16.226414
17.812767
14.131931
9.011597
8.579423
9.639377
12.498798
16.026266
22.330862
23.850454
21.528566
26.912169
32.411297
31.148750
31.874252
38.930492
42.203407
44.826225
47.823868
43.745907
39.612736
43.406582
40.187534
38.885242
37.250549
38.300423
35.322876
32.536129
31.609549
33.427803
28.997660
30.936169
29.066530
30.386454
25.243921
28.982746
28.967361
23.977125
23.243420
27.041828
25.358648
21.346937
22.592131
25.472673
23.682289
20.499279
19.102329
19.562574
20.229948
21.485821
20.081837
16.501265
16.099388
18.370832
15.750527
11.113927
14.978155
13.004603
8.256530
3.831039
2.487947
6.541404
7.783963
3.768199
6.589346
11.249163
10.441702
6.644675
11.405666
10.515942
6.520203
9.586484
8.023858
13.538913
15.668720
13.035976
14.838235
14.891850
15.522008
18.077248
18.817856
17.648157
22.680099
19.781437
16.695616
13.088892
11.514018
13.378675
12.423941
16.607895
16.656490
23.316174
28.539742
34.846268
37.587742
37.916538
38.646393
36.965755
31.408689
32.165096
29.866037
31.011618
32.907139
29.176991
29.648960
27.897335
25.648943
29.475445
28.779499
29.719097
32.703384
36.908855
33.304070
29.538944
27.609449
27.433777
29.849171
28.325918
28.639139
26.427685
23.361881
17.353134
13.779820
7.004960
8.408432
13.944165
18.514927
18.823187
21.705667
17.668705
18.243631
18.183609
14.074169
10.024717
4.403766
4.349153
6.611969
12.948175
17.915625
19.257338
20.024483
20.373003
15.971539
14.663508
11.732114
7.948873
8.756404
9.258912
12.079778
13.063265
12.102065
10.851121
10.868063
10.573840
15.473339
16.772123
19.428877
23.081669
26.424416
28.494864
28.706192
26.733444
22.332840
16.329798
21.179537
25.347853
30.816141
34.687855
36.547676
42.265308
44.739101
41.795063
42.120899
38.835854
35.199886
27.983143
26.824457
30.803829
30.734802
29.759846
26.222780
26.488182
21.319372
21.357731
19.111109
18.373949
20.076464
17.825905
21.209053
19.108515
21.113972
20.691385
17.705980
17.455256
24.498831
24.854418
21.220270
26.007559
27.186033
33.417809
32.404896
32.739540
26.182661
22.949421
29.017078
27.498383
20.357080
23.197996
26.975615
20.902121
17.869915
24.256731
23.791214
16.771505
17.887636
22.645100
18.846386
13.451895
18.595840
19.573112
13.055908
12.984236
18.115957
15.064580
9.286340
13.762325
15.183812
9.577883
8.459226
13.025653
11.562900
6.249656
9.283868
11.178477
7.047886
7.098946
10.581281
7.380151
6.451103
10.288140
16.734657
22.310604
18.498070
18.001829
13.366474
13.381957
16.161463
21.813696
23.552929
27.424515
23.191723
18.036579
21.742798
23.651676
17.675941
14.339164
20.231430
18.556034
11.737074
15.665910
19.279583
13.640532
12.792788
19.678381
18.948582
13.333468
18.760275
22.953373
18.073767
18.687735
25.773081
25.612366
21.065943
26.259565
31.616819
30.158201
27.616816
32.307205
36.634895
35.159306
28.982374
21.923233
19.109533
12.326567
12.411140
15.042899
12.516640
6.803812
9.593106
9.953653
7.525855
6.361037
7.557433
6.413661
8.082077
9.409497
7.397854
7.143119
11.953228
11.649236
7.299339
11.356248
15.459921
12.448969
9.148727
15.486373
16.841049
11.640721
12.576898
18.891819
24.170364
21.198921
19.342243
26.266586
28.934273
31.711123
29.757404
23.169611
21.812956
16.933514
22.924665
25.513304
19.151384
19.872496
26.216778
23.892271
17.488253
21.145830
22.931517
16.305498
15.882997
21.307085
22.532721
19.142639
16.131111
17.032907
13.889996
17.885689
14.552332
8.585513
12.266950
13.364147
7.468696
10.540073
15.731972
12.318667
12.618746
18.973230
21.742861
18.228817
23.659422
28.472626
24.708164
28.015451
RMSD
Copy/paste all the input until here to the appropriate column.
Groupcount of wildtype is:
421
Groupcount of mutated is:
421
If the two preceding values are not the same than you have OXT (oxygen) and hydrogen atoms either in the end or beginning. Proceed with caution
Overall RMSD is:
23.555952
Please copy paste the value above in the appropriate cell
Thank you.
