The program assumes both pdb files start with the same aminoacid. Please check for hydrogens.
Below are the RMSD values residue by residue
6.683508
0.870508
0.595606
0.271200
0.377923
0.046214
0.103829
0.180664
0.095601
0.280618
0.685959
0.739483
0.621499
0.714027
0.638275
0.363769
0.238787
0.452017
0.392940
0.338930
0.276886
0.495696
0.589840
0.566982
0.499322
0.234465
0.411202
0.650725
0.325610
0.381113
0.783914
1.000448
1.016537
0.502817
1.243243
0.549765
0.222300
0.407486
0.331132
0.488826
0.241356
0.232679
0.429492
0.266658
0.389500
0.668133
0.438922
0.776791
0.864545
0.517837
0.519631
0.899492
0.537000
0.976781
0.923902
1.689134
1.169528
0.884097
0.827257
0.772938
0.495762
0.645447
0.202597
0.472950
0.493766
0.657786
0.759656
0.879095
0.936801
1.241057
0.997349
0.926205
1.042752
1.135313
0.918927
0.917868
1.185383
1.217859
1.107905
0.993356
0.365541
0.946442
1.121415
0.762223
0.576101
0.905787
0.907897
0.827917
0.631690
0.683902
0.672399
0.822729
0.832966
1.130002
1.054293
0.876975
0.847967
0.789218
0.613837
0.727697
0.502642
0.711256
0.926440
0.527685
0.470060
0.730006
0.928544
1.096376
0.636673
0.630837
0.448153
0.701650
0.687004
0.493174
0.695499
0.704979
0.568429
0.686684
0.601923
0.793165
0.727911
0.912805
1.015416
1.060402
0.927220
0.976024
1.071905
1.216742
1.147559
0.961454
0.929407
0.286077
0.266673
0.263512
0.051903
0.291834
0.359012
0.731017
0.626522
1.153615
0.888304
0.785093
0.616289
0.539333
0.375531
0.352361
0.460192
0.345350
0.380047
0.410650
0.478159
0.521845
0.441043
0.435005
0.622866
0.565296
0.734424
0.782651
0.842607
0.938230
0.953431
0.665238
0.630821
0.699525
0.685588
0.632928
0.713039
0.437370
1.386605
1.899903
2.317474
3.844307
4.420269
5.569427
5.212855
3.789294
4.058049
3.278955
2.317801
0.901589
0.801037
0.913734
0.725897
0.299215
0.550128
0.559018
0.210488
0.173092
0.394553
0.243198
0.313379
0.529102
0.532508
0.885675
1.114004
1.121435
0.963576
0.607688
0.524627
0.694448
0.590200
0.769179
0.896727
0.841540
1.412219
1.521339
0.999894
1.317546
1.768939
1.658055
1.226226
1.619020
1.732313
1.418979
1.381876
1.872986
1.770621
1.843478
1.627165
1.308313
1.283406
1.094092
1.031186
1.050349
0.947936
0.669650
0.705708
0.759471
0.375218
0.383633
0.635605
0.783800
0.631632
0.477677
0.706954
0.837197
0.658138
0.530279
0.567552
0.415545
0.388770
0.425635
0.900520
1.016912
1.099005
1.345104
1.155361
0.738905
0.424450
0.618464
0.880910
1.019132
1.018750
1.048575
1.825610
1.977755
1.606133
1.238333
1.446296
1.504336
1.108512
0.797232
0.738207
0.880548
1.122064
1.018697
1.175052
1.836816
1.536223
1.553828
1.388598
1.497221
1.461321
1.755381
1.713351
1.037594
1.250516
1.244749
1.779680
1.636887
1.546322
1.532290
1.508833
1.292401
1.328140
1.458815
1.354925
1.605222
1.422048
1.413825
1.411350
1.306524
1.208006
1.573473
1.464108
1.318183
1.270462
1.391735
1.330395
1.306908
1.485550
1.487624
1.445409
1.699138
1.763700
1.846483
1.899202
1.722454
1.695391
1.742386
1.530686
1.453177
1.462744
1.210297
1.293813
1.138536
1.253823
1.480678
1.121074
1.270597
1.291671
1.319552
1.578638
1.693159
1.652300
1.591147
1.655622
1.759796
1.777029
1.678965
1.651965
1.812342
1.942634
1.880484
2.121982
2.286474
1.994179
2.245490
1.906371
2.249220
1.928335
2.104502
2.371238
2.179040
2.502348
2.213224
2.022998
1.984168
1.696286
1.476470
1.635126
1.456427
1.525340
1.229758
1.214685
0.917929
1.050728
0.692113
1.100574
0.958093
1.165429
1.341273
1.258725
1.301379
1.572699
1.129453
1.386638
1.287042
1.334443
1.451673
1.576175
1.643943
1.684599
1.499012
1.639164
1.905708
1.443884
1.175956
1.428527
1.562910
1.016029
1.503650
1.814984
1.557431
1.135386
1.424721
1.692179
1.411677
1.431677
1.902277
1.789048
1.063697
1.350091
0.880368
0.698373
0.925354
1.044320
0.905215
1.013252
1.568125
1.368842
1.319136
0.767776
0.566349
0.233276
0.350493
0.443856
0.399935
0.432131
0.609912
0.662144
0.488870
0.412368
0.934359
1.110077
1.136541
1.059515
0.925157
1.284254
1.272599
1.662078
2.010707
2.072849
2.015534
2.159049
2.295715
2.290903
2.548702
3.831404
3.103621
9.608415
14.133459
13.889845
12.663359
14.373234
11.908348
15.287246
13.952455
13.521581
16.360266
17.157866
18.770798
20.722212
22.915117
20.694136
RMSD
Copy/paste all the input until here to the appropriate column.
Groupcount of wildtype is:
446
Groupcount of mutated is:
445
If the two preceding values are not the same than you have OXT (oxygen) and hydrogen atoms either in the end or beginning. Proceed with caution
Overall RMSD is:
3.242143
Please copy paste the value above in the appropriate cell
Thank you.
