The program assumes both pdb files start with the same aminoacid. Please check for hydrogens.
Below are the RMSD values residue by residue
0.768854
0.821763
0.857915
0.817105
0.548316
0.287591
0.400658
0.572791
0.842931
0.808290
0.604721
0.658273
0.443843
0.505801
0.827522
0.827468
0.664144
0.607975
0.675060
0.441323
0.393645
0.800142
0.806314
0.968166
0.914548
0.411777
0.805696
0.838916
0.932639
1.069236
1.088903
0.764883
2.309014
1.577856
1.252787
0.760944
0.401540
0.670118
1.304988
1.816002
1.624684
0.863399
0.774872
0.968574
0.590196
0.392490
1.244802
1.124545
0.875542
0.327676
0.292295
0.749890
0.773279
1.044728
1.363472
1.314116
1.214869
1.049344
0.722596
0.720641
0.459491
0.156255
0.408977
0.119413
0.310030
0.534838
0.600891
0.830909
1.043289
0.601950
1.057314
0.837045
0.178622
0.380008
0.378171
0.156500
0.615756
0.868160
0.804902
0.495245
0.170603
0.218421
0.349349
0.100031
0.372513
0.376058
0.429181
0.514592
0.526439
0.493963
0.489585
0.564479
0.902409
0.539145
1.153608
1.363710
1.514900
1.799760
1.913392
1.037573
0.833335
0.746672
0.747718
1.673237
0.828309
0.435314
0.801907
1.282671
1.352962
0.689640
1.404429
1.429894
0.866854
1.111785
1.240029
0.877250
0.566397
0.780489
0.819938
0.222734
0.547812
0.351456
0.273624
0.565015
0.944512
0.710565
0.646915
0.644250
0.478400
0.390184
0.424931
0.462331
0.153341
0.428376
0.157242
0.600527
0.738655
0.853895
1.101804
1.323906
1.205151
1.448202
1.753294
1.009397
1.047180
0.940868
1.005398
0.887075
0.568518
0.468492
0.510006
0.765992
0.238664
0.431369
0.621408
0.343444
0.535484
0.520588
0.561909
0.134909
0.330822
0.421308
0.176193
0.255953
0.481334
0.615835
0.656538
0.660077
0.755120
1.218722
1.554399
1.429845
1.058251
1.433656
1.382434
1.164155
1.134880
0.988210
1.349977
0.869030
1.125702
1.023421
1.053364
1.001281
1.045685
0.952418
0.669079
0.619743
0.677088
0.608891
0.597953
0.567256
0.483242
0.911070
1.002242
2.253772
1.169016
0.336616
0.529900
0.521865
1.076500
0.789834
1.094836
1.184307
1.475703
1.286069
0.880441
0.943179
1.325912
1.076987
0.908496
0.984090
1.353418
1.446073
0.984334
0.937063
0.532038
0.988211
1.073690
0.889658
0.914717
1.000756
0.463871
0.331598
0.734574
0.525991
0.699385
0.718959
0.397311
0.388432
0.788863
0.481576
0.529320
0.588617
0.586748
0.574007
0.378272
0.543876
0.607536
0.530782
0.475598
0.395655
0.850714
0.907052
0.823968
0.655024
0.365316
0.544154
0.511857
0.178634
0.423887
0.563361
0.341840
0.151168
0.287876
0.282423
0.298208
0.233622
0.441078
0.402934
0.650209
0.272976
0.186172
0.785912
0.679532
0.379853
0.889090
0.407101
0.247078
0.284683
0.425084
0.944036
0.271941
0.573382
0.622136
0.647778
1.686005
1.996374
1.329085
1.066288
1.955585
2.556568
3.850893
6.458916
0.615580
1.852088
1.995180
1.555914
1.045204
0.994160
0.879632
0.793835
0.588501
0.547892
1.241435
1.312180
1.303878
1.040129
0.842806
0.756218
0.451184
1.027449
1.105040
1.283497
1.376358
1.545421
1.539327
1.652738
1.482756
1.210048
0.907849
0.700997
0.778409
0.534032
0.767388
0.806873
0.788685
0.557189
0.603544
0.885344
1.083183
1.321445
1.126150
1.260854
1.274809
0.838197
0.894335
1.129400
1.235042
1.110933
1.205587
1.456100
1.061753
0.752183
1.349249
1.063270
1.050936
1.497351
1.859999
1.351284
1.300542
1.316772
1.272952
1.173361
1.130980
1.239685
1.002397
1.010341
1.136399
0.982577
1.294188
0.686776
0.814018
0.823808
0.835002
0.576931
0.476968
0.567935
0.685197
0.573718
0.606539
0.849862
0.879383
0.797257
0.594255
0.662730
0.621460
0.662371
0.650626
0.785322
0.832353
0.996694
0.965698
0.850154
0.735133
1.108738
1.027923
1.051894
1.150705
1.148967
1.179135
1.465153
1.364882
1.109299
1.319291
1.581620
1.066633
0.995683
1.249795
1.377464
1.744829
1.365253
1.458601
1.538629
1.348416
1.506427
1.669631
1.223377
1.181202
1.491164
1.489731
1.528880
1.390667
1.236948
1.338441
1.226255
1.336998
1.422650
1.373110
1.377736
1.023719
1.285507
1.316578
1.387707
1.380835
1.637885
1.610101
1.430882
1.332953
1.454650
1.632274
1.827697
1.135346
1.053165
1.067585
1.134482
1.441487
2.701917
2.215701
4.169518
5.023393
4.984643
5.767230
8.053110
11.586404
15.543087
21.168581
25.729725
22.895897
19.737328
20.449303
19.939278
15.869533
17.777899
19.800869
RMSD
Copy/paste all the input until here to the appropriate column.
Groupcount of wildtype is:
446
Groupcount of mutated is:
445
If the two preceding values are not the same than you have OXT (oxygen) and hydrogen atoms either in the end or beginning. Proceed with caution
Overall RMSD is:
3.293015
Please copy paste the value above in the appropriate cell
Thank you.
