The program assumes both pdb files start with the same aminoacid. Please check for hydrogens.
Below are the RMSD values residue by residue
0.678711
0.334802
0.383189
0.449826
0.201028
0.147474
0.229049
0.177638
0.160186
0.089379
0.242874
0.240923
0.216073
0.211493
0.211914
0.332730
0.223217
0.192924
0.301741
0.292772
0.177198
0.161511
0.253223
0.130080
0.340821
0.416551
0.439692
0.592844
0.445682
0.510814
0.332014
0.995244
0.413555
0.435058
0.353764
0.408917
0.356495
0.218084
0.273433
0.393557
0.101997
0.069009
0.400615
0.263699
0.293545
0.286021
0.046274
0.321467
0.217689
0.199460
0.200987
0.224305
0.219173
0.267148
0.430283
0.366445
0.183032
0.068361
0.087982
0.322941
0.130846
0.251460
0.376784
0.275276
0.165385
0.249345
0.381530
0.343668
0.349867
0.309661
0.276825
0.475942
0.447531
0.269778
0.277587
0.367195
0.439014
0.281320
0.273062
0.471472
0.472000
0.403180
0.300104
0.190860
0.156001
0.361754
0.712045
0.300152
0.311351
0.473768
0.426603
0.473626
0.583869
0.427897
0.296150
0.275917
0.370361
0.177828
0.315923
0.284130
0.124271
0.175138
0.191088
0.318462
0.286789
0.228271
0.289914
0.459121
0.405602
0.264329
0.153682
0.298715
0.416279
0.371711
0.297918
0.277998
0.168093
0.195212
0.264490
0.202334
0.185963
0.205485
0.153835
0.224461
0.099497
0.720004
0.500063
0.295944
0.257546
0.142932
0.224393
0.264709
0.326677
0.311458
0.238655
0.291941
0.350171
0.315568
0.334890
0.215315
0.497985
0.465998
0.895176
0.297865
0.366561
0.263792
0.595392
0.580471
0.361975
0.151638
0.104084
0.238249
0.101014
0.114149
0.112172
0.147260
0.124666
0.094157
0.179636
0.189922
0.123789
0.306265
0.240810
0.249776
0.167404
0.239589
0.412967
0.258086
0.369940
0.896815
0.888983
0.992991
0.886278
1.193568
0.750670
0.539797
0.490213
0.704906
0.263742
0.177734
0.249533
0.324172
0.255345
0.242391
0.350273
0.195606
0.127838
0.136448
0.171601
0.132736
0.067202
0.168652
0.050983
0.650734
0.837482
0.852180
0.346960
0.333863
0.389492
0.348991
0.475683
0.309492
0.476263
0.674037
0.672457
0.490282
0.239772
0.463033
0.410284
0.170761
0.127633
0.077032
0.592327
0.890815
0.630391
0.890439
0.661933
0.548167
0.470570
0.741298
0.453336
0.417396
0.495977
0.639807
0.739468
0.679187
0.537694
0.676505
0.540214
0.548353
0.547584
0.545367
0.388161
0.263944
0.367337
0.423112
0.316861
0.203110
0.227198
0.225212
0.557142
0.839133
0.458272
0.311540
0.535593
0.326832
0.284932
0.623021
0.352755
0.513095
0.757372
0.580654
0.372720
0.402633
0.482078
0.472366
0.235957
0.233599
0.465703
0.183872
0.279467
0.205124
0.506561
0.241021
0.376632
0.270444
0.571414
0.472234
0.457806
0.512703
0.296010
0.871232
0.310610
0.168745
0.308599
0.329148
0.383294
0.260046
0.269697
0.368543
0.521878
0.443861
0.406263
0.606707
0.715721
0.704940
0.373740
0.267487
0.462140
0.402873
0.261542
0.293011
0.334754
0.704227
1.001532
0.665200
0.425991
0.437959
0.393381
0.367202
0.361171
0.161081
0.151866
0.289033
0.350797
0.196168
0.188810
0.181474
0.142307
0.111554
0.075645
0.116386
0.188033
0.174151
0.032855
0.218741
0.216776
0.159568
0.192327
0.274961
0.327663
0.289664
0.211104
0.235836
0.131171
0.270152
0.324440
0.271501
0.101072
0.177160
0.214753
0.309532
0.181599
0.314914
0.334008
0.347375
0.580515
0.886942
0.565828
0.402855
0.078309
0.319969
0.355389
0.661970
0.468449
0.471307
0.283578
0.478141
0.430340
0.273615
0.292657
0.120116
0.200278
0.404822
0.191852
0.088306
0.118468
0.233064
0.322345
0.182559
0.143377
0.286971
0.391706
0.438261
0.430975
0.768370
0.392022
0.310048
0.399710
0.380598
0.486792
0.360904
0.303864
0.404395
0.256164
0.344575
0.286249
0.140271
0.146406
0.179555
0.166298
0.238352
0.219820
0.189643
0.113459
0.233307
0.120914
0.158611
0.281049
0.259838
0.204919
0.558535
0.314690
0.399362
0.399243
0.312280
0.434230
0.177534
0.392804
0.472526
0.311786
0.362471
0.126969
0.301504
0.309358
0.700266
0.621607
0.369876
0.543583
0.318017
0.168128
0.507477
0.548460
0.377020
0.575083
0.672718
0.532638
0.400212
0.599946
0.550377
0.504310
0.115060
0.084996
0.194044
0.256180
0.200599
0.358169
1.524923
1.359966
1.168660
1.911179
0.322665
0.774362
1.054801
1.589097
0.643351
0.651177
0.490255
0.564019
0.582693
0.723269
1.069079
0.751511
0.641576
2.417488
RMSD
Copy/paste all the input until here to the appropriate column.
Groupcount of wildtype is:
446
Groupcount of mutated is:
445
If the two preceding values are not the same than you have OXT (oxygen) and hydrogen atoms either in the end or beginning. Proceed with caution
Overall RMSD is:
0.453379
Please copy paste the value above in the appropriate cell
Thank you.
