The program assumes both pdb files start with the same aminoacid, Please check for hydrogens,
Below are the RMSD values residue by residue
49,671967
48,294315
44,107265
39,453957
42,083401
41,372826
34,527439
31,829422
35,676624
33,831928
26,778814
27,012157
30,193027
25,777718
19,997860
23,086765
24,800705
18,838997
15,437197
13,638924
14,112020
12,871403
8,480083
9,022436
10,338010
7,771591
2,063576
3,101240
6,183751
4,954823
5,198693
3,536248
1,406388
2,832123
2,455172
1,818949
2,005535
1,994065
1,552864
1,926792
2,004189
1,630428
1,680063
0,884405
0,586276
1,514808
0,662970
1,481459
5,274296
8,308366
5,268714
6,582987
7,456288
6,539151
5,555381
4,783262
5,973861
8,853460
7,856026
4,542542
4,308434
5,117762
6,874022
5,063407
6,724569
7,372195
7,020802
5,394227
5,204358
5,691518
8,053218
5,710988
5,454743
5,083892
4,156416
3,472418
2,836188
2,008403
1,758499
1,768646
2,362399
1,627104
3,407128
3,549739
1,487974
1,465339
1,525345
2,025245
2,210822
2,064502
3,152744
3,257059
3,604525
4,542446
3,406871
3,393106
2,496315
2,492979
1,955097
1,396372
1,466099
0,989333
2,274611
1,187535
2,186662
1,576607
0,813157
1,245820
1,636513
1,389881
1,810677
1,557512
1,677776
2,755832
3,285758
3,459916
2,626948
2,440487
3,367249
2,978068
0,833840
1,416059
1,581006
1,975688
2,135782
1,717383
1,471470
1,660544
2,091990
2,325400
3,601936
4,006786
4,549806
4,261262
4,628392
5,102795
4,965628
4,415586
4,736062
4,408453
4,219187
4,165614
3,317416
3,049031
1,974810
1,604005
1,341689
1,949244
2,600513
3,066638
3,207563
2,227697
1,833779
2,174878
1,854002
2,014042
2,850947
2,910493
3,397421
3,508913
3,538517
3,648100
3,310629
3,219884
3,050069
4,306443
4,027328
4,195775
4,056831
3,868505
4,962940
4,561760
3,039623
2,618867
2,434594
2,310524
2,609210
3,220692
2,567621
2,810057
3,377976
2,196718
1,171621
0,537559
0,599743
0,789565
0,825309
0,649715
1,181026
0,538452
1,249304
1,317805
1,044025
1,645534
1,836708
1,411156
1,549613
1,516091
1,235921
0,956864
1,022467
1,021126
1,083237
2,450069
2,602166
2,368825
2,567008
2,400074
2,981656
3,025189
2,876224
3,362890
3,799795
3,912326
3,870703
4,301371
4,647771
4,762589
4,855174
5,641580
5,106185
4,561337
4,366232
3,895963
3,560287
2,701139
3,441690
3,088665
3,098525
3,328963
2,289996
1,797169
2,370536
5,871808
7,004635
2,240225
2,473629
3,790709
2,705410
5,365334
3,202590
3,133476
3,954984
4,038126
4,685175
5,380158
5,068983
4,971839
5,315682
5,364395
5,107521
4,755617
5,960508
6,846458
6,823960
5,816037
5,884296
5,221264
4,801639
4,099132
3,429036
3,322119
2,630171
2,102506
1,464865
2,000961
2,436733
2,975507
3,984038
4,919556
4,386810
5,778867
5,979277
5,755621
6,214127
6,641478
7,022231
7,725115
7,659423
7,053268
6,558993
6,070096
5,591554
6,394167
6,319996
5,917251
4,766525
3,746405
3,269498
2,949361
2,907644
1,947475
1,804806
1,111990
1,355631
2,143483
2,212207
2,879454
3,193379
4,050209
4,831455
5,322865
6,154033
5,677413
5,045077
5,580661
6,101357
5,404234
5,227751
6,343836
6,443780
5,325001
5,373648
4,548462
4,702866
4,344515
4,170527
4,238466
6,227621
2,886988
3,808691
3,781594
4,199153
4,871982
4,733782
5,666377
5,752927
5,317225
5,587081
5,556808
5,358844
5,623407
5,934092
5,354710
5,851001
5,558193
6,166176
5,144781
5,611324
6,060194
6,363753
6,523061
5,635116
5,516554
4,611526
4,973400
4,806512
3,871036
4,302106
4,540431
3,742146
3,480576
3,338530
3,215203
1,999054
5,649795
6,920509
7,310634
4,836257
2,860278
2,696256
3,511479
3,365090
3,573419
3,365470
3,624817
3,422200
3,807219
2,950810
4,006866
4,471807
3,735459
4,799039
3,304065
3,941409
3,689193
4,393150
3,708148
3,264158
2,009208
2,685756
1,946023
2,076052
2,881481
3,196085
2,943278
3,388180
4,012839
4,259744
4,081209
3,900884
4,031734
3,689847
4,108924
3,727818
4,487253
4,588157
3,797753
4,196054
4,317841
4,842206
5,037179
4,818087
5,010947
4,899451
4,897854
Copy/paste all the input until here to the appropriate column,
Groupcount of wildtype is:
407
Groupcount of mutated is:
406
If the two preceding values are not the same than you have OXT (oxygen) and hydrogen atoms either in the end or beginning, Proceed with caution
Overall RMSD is:
8,424226
Please copy paste the value above in the appropriate cell
Thank you,
