The program assumes both pdb files start with the same aminoacid, Please check for hydrogens,
Below are the RMSD values residue by residue
2,220774
3,914550
3,628398
2,730390
2,127303
2,844653
2,459445
2,055491
1,574525
1,585195
1,567185
1,289726
0,937696
1,025371
1,212775
0,767904
0,504816
0,966217
0,956036
0,521491
0,642710
0,579831
0,466154
0,387605
0,401496
0,542816
0,497700
0,095852
0,270008
0,766407
0,508976
0,345377
0,544078
0,733791
0,552067
0,393355
0,955441
0,307642
0,192279
0,430981
0,396832
0,211757
1,302640
1,819681
1,079181
0,481168
0,365394
1,708923
1,356453
1,466021
0,662299
1,028447
0,818184
0,509525
0,902932
1,035294
0,482229
0,784574
1,364068
0,953550
0,595102
0,947975
0,533179
0,524015
0,569647
0,549133
0,377417
0,638778
0,692022
0,740916
0,340577
0,448134
0,514220
0,420740
0,545579
0,531649
0,461812
0,531421
0,519412
0,857317
1,071242
1,048597
2,104569
1,492097
0,696035
0,463990
0,445555
0,480548
0,283847
0,427668
0,277947
0,496745
0,483228
0,356322
0,375159
0,371031
0,250313
0,345535
0,424882
0,734747
0,114800
0,185599
0,625538
0,431864
0,354964
0,665691
0,492356
0,598597
0,617066
0,716151
0,783367
0,620644
0,893794
0,680876
0,466715
0,319884
0,407537
0,706836
0,458611
0,803445
0,613388
0,360616
0,273872
0,128310
0,243183
0,579858
0,582940
0,814455
0,548258
0,274007
0,318319
0,215101
0,219587
0,205703
0,394348
0,337514
0,406544
0,552413
0,495675
0,405371
0,586084
1,136484
0,211720
0,402086
0,354743
0,245887
0,157717
0,190063
0,223692
0,327890
0,328979
0,556152
0,749695
0,802844
0,766860
0,520320
0,441486
0,398274
0,311418
0,500317
0,378086
0,708072
0,483304
0,448847
0,307146
0,814225
0,611285
0,532198
0,824904
0,321582
0,546189
0,210398
0,173392
0,209728
0,125605
0,546717
0,389424
0,136916
0,075259
0,173553
1,115386
0,607233
0,991896
0,563046
0,312611
0,712424
0,913698
0,923542
0,605223
0,274161
0,157075
0,412096
0,690743
0,192045
0,314776
0,127179
0,270587
0,110303
0,266641
0,418062
0,237326
0,180365
0,406464
0,230438
0,626084
0,413212
0,281540
0,325707
0,517172
0,325800
0,230871
0,118160
0,307277
0,201066
0,132721
0,114622
0,212577
0,405837
0,554768
0,467302
0,361283
0,117374
0,425725
0,366485
0,470371
0,212158
0,238579
0,442109
0,444209
0,826614
0,376970
0,158551
0,408133
0,598978
0,603387
0,113325
0,070252
0,113305
0,442205
0,526821
0,494833
0,491190
0,559012
0,876819
0,783144
0,668493
0,551976
0,372772
0,443582
0,660301
0,682155
0,772980
0,520792
0,436098
0,563938
0,581524
0,245207
0,429528
0,569946
0,420426
0,439121
0,463416
0,360125
0,618407
0,607211
0,288311
0,334149
0,438297
0,414654
0,317966
0,225535
0,135626
0,337417
0,134866
0,213966
0,498023
0,406391
0,517592
0,215873
0,457622
0,399677
0,139875
0,211585
0,336175
0,377763
0,107601
0,482065
0,291579
0,390534
0,337401
0,159450
0,248038
0,224360
0,250218
0,201886
0,354731
0,421237
0,361191
0,158526
0,415692
0,148479
0,101215
0,066296
0,181470
0,149941
0,049679
0,108069
0,115035
0,094809
0,205600
0,177977
0,222893
0,369191
0,054693
0,223671
0,661505
0,282196
0,406755
0,596902
0,581301
0,379355
0,191736
0,047087
0,164133
0,268344
0,415082
0,243384
0,509537
0,409894
0,470717
0,330837
0,685300
0,520339
1,001536
0,370405
0,285458
0,544181
0,410515
1,034443
0,721240
0,750583
0,476484
0,254062
0,131316
0,161757
0,413336
0,255333
0,366505
0,224386
0,380140
0,244460
0,326056
0,417562
0,238741
0,572436
0,854137
0,722163
0,497563
0,491611
0,374527
0,414448
0,540587
0,647928
0,715445
0,743980
0,579140
0,385084
0,446575
0,470835
0,653656
0,784146
1,443117
2,453831
2,121083
1,743842
0,925630
0,778368
0,127690
0,658453
0,601430
0,204765
0,768788
0,650218
0,550598
0,365990
0,394661
0,152613
0,390804
0,305724
0,085737
0,271623
0,688627
0,439933
0,614289
0,443908
0,237877
0,599010
0,709201
0,212201
0,409744
0,568146
0,321986
0,382649
0,828736
0,817110
0,832534
Copy/paste all the input until here to the appropriate column,
Groupcount of wildtype is:
407
Groupcount of mutated is:
406
If the two preceding values are not the same than you have OXT (oxygen) and hydrogen atoms either in the end or beginning, Proceed with caution
Overall RMSD is:
0,718758
Please copy paste the value above in the appropriate cell
Thank you,
