The program assumes both pdb files start with the same aminoacid, Please check for hydrogens,
Below are the RMSD values residue by residue
24,124996
22,292372
20,850525
17,939564
15,454041
13,626485
12,561860
10,966434
7,857448
4,831585
2,948826
4,298593
4,704135
5,663615
5,007946
2,111328
6,099741
8,673770
6,195260
5,243873
11,014243
11,706935
7,465138
10,307252
10,368032
6,085014
6,763887
7,756144
7,645584
4,703970
2,925277
1,962804
0,983907
1,465488
0,648861
1,931265
1,243053
1,542310
1,374367
0,747829
0,624338
0,698923
1,215794
0,893793
0,285779
0,988253
1,081642
1,220873
4,809838
6,497468
4,683641
8,213570
11,028941
8,004498
4,500945
8,623120
10,833413
7,523240
4,829969
6,018687
7,266626
7,073898
7,012868
7,112968
7,198010
9,046840
6,033267
9,007955
7,208807
7,305257
1,101801
0,944341
0,647247
1,549600
1,370933
0,987172
1,089406
0,810614
0,788662
1,327295
1,348462
2,242688
2,219776
1,436342
0,820680
0,690343
0,779425
0,814002
1,335309
1,132145
1,682499
1,579057
2,043714
2,208381
1,932368
1,866307
1,489389
1,511077
0,776267
0,691480
0,791028
0,378579
0,911331
0,574551
0,983128
0,952007
0,942290
0,236312
0,662965
0,724267
1,092284
1,026005
0,744065
1,730187
2,222922
2,292822
1,176902
0,913045
1,532382
1,399284
1,332600
0,924831
0,794827
1,455776
1,895041
1,415401
1,398484
1,289147
1,343678
1,706835
2,089665
1,926288
1,397941
1,338112
2,295292
2,104944
1,910510
1,714231
1,834273
1,847845
1,917080
1,910652
1,897325
1,823809
1,564145
1,497246
1,651086
1,196335
0,828771
1,714129
1,706776
0,658925
1,086603
1,184652
1,186424
1,261303
1,977111
1,496264
1,910489
1,825180
1,719739
1,920437
1,465397
1,546298
1,262665
1,491407
1,836068
1,692252
1,610981
1,529364
2,005652
2,313788
1,504632
1,152516
1,416486
1,389136
1,383631
3,442691
1,037545
1,885405
1,752465
0,408408
0,492936
0,602721
0,771793
0,878990
0,854938
0,906063
1,007583
1,188835
1,120509
0,952793
0,135805
0,841523
0,816900
0,890946
0,919609
0,543250
0,306590
0,462037
0,904198
0,436344
0,504672
0,555563
0,935665
0,493878
0,668699
0,811160
1,130287
0,759737
0,644831
0,816272
1,103215
0,814468
0,624674
0,720528
0,987194
0,919808
0,866878
0,987973
0,916804
0,789905
0,736585
0,850010
0,630706
0,527513
0,910880
0,426273
0,695968
1,598782
1,218125
0,887077
2,908344
4,786384
3,832526
2,897520
3,388218
1,651208
1,888946
1,553586
0,773430
0,926759
1,086723
0,995273
0,740981
0,671570
0,834875
0,794801
1,104481
1,146212
1,072566
1,281851
1,212988
1,469937
1,275619
1,201041
1,261248
1,125898
0,902112
0,899843
0,901028
0,849395
1,299865
1,488209
1,653483
0,642212
0,519272
0,691100
0,947520
1,257386
1,044778
1,160366
1,000966
0,584100
0,550644
1,253987
1,465947
1,169017
1,114137
0,988478
0,971649
1,270054
0,944740
1,130102
1,539259
1,613452
1,104003
0,588288
0,636927
0,742217
0,563821
0,481760
0,355131
0,341998
0,309180
0,550983
0,677170
0,734443
0,656867
1,010187
1,126399
1,160913
1,213766
1,035437
0,921528
0,973179
0,838004
0,770101
0,689283
0,857900
0,713307
0,748889
0,838722
0,749021
0,870267
0,612636
0,614691
0,881889
5,091250
1,299053
0,612562
0,853909
0,479168
0,552482
0,609905
0,567858
0,264972
0,219577
0,214359
0,562549
0,590093
0,740686
1,017301
0,690936
0,689581
0,837159
1,000829
0,771133
1,509294
1,145671
1,066331
1,045002
0,654460
0,681779
0,591994
0,390027
0,296041
0,134211
0,524988
0,778026
0,459178
0,439201
0,439467
0,785447
1,014204
3,046997
2,677897
2,155673
0,452422
1,060013
0,766620
0,568860
0,494581
0,494082
0,321294
0,523796
0,117141
0,362275
0,496603
0,636050
3,060621
1,031075
4,455017
1,493941
2,682995
1,134544
0,890317
0,806332
0,669283
1,033858
0,976877
0,483132
0,206085
0,467436
0,403716
0,338070
0,529611
0,441740
0,677151
0,812816
0,846499
0,718288
0,611604
0,813756
0,563485
0,613174
1,340647
0,606981
1,030207
1,847851
2,059111
1,059250
0,921772
1,412473
1,367852
3,015332
Copy/paste all the input until here to the appropriate column,
Groupcount of wildtype is:
407
Groupcount of mutated is:
406
If the two preceding values are not the same than you have OXT (oxygen) and hydrogen atoms either in the end or beginning, Proceed with caution
Overall RMSD is:
3,684206
Please copy paste the value above in the appropriate cell
Thank you,
