0
0
1
0
0
0
11
11
5
11
10
11
11
0
7
11
11
7
6
7
9
11
8
11
11
7
3
2
7
7
11
3
11
11
3
11
11
9
11
11
11
9
11
11
5
11
7
11
11
11
11
11
8
7
4
10
8
7
11
3
1
0
0
0
4
6
4
7
4
6
8
3
6
11
7
11
9
11
11
11
11
9
8
9
11
11
11
11
11
11
11
11
11
11
11
7
11
11
11
11
11
9
11
11
11
11
11
8
11
9
11
11
11
11
9
9
11
8
5
11
11
6
11
11
3
7
11
4
11
9
9
8
5
9
11
11
11
11
5
6
11
11
7
7
8
11
10
6
11
8
9
11
6
11
5
11
11
11
11
11
11
5
9
11
11
11
11
11
6
11
11
11
7
11
11
11
11
11
11
9
11
7
5
11
11
11
11
11
6
11
11
11
11
9
11
11
11
11
4
4
11
11
9
5
4
11
6
11
9
11
11
5
11
10
8
11
4
9
11
6
11
6
11
11
11
7
11
11
9
11
0
0
0
4
6
6
5
11
11
11
8
9
11
11
11
11
11
11
11
8
8
11
8
4
8
11
11
11
9
9
10
5
9
6
5
5
11
11
11
4
11
11
11
11
11
11
4
7
7
11
11
9
11
11
9
11
11
3
8
9
11
11
11
11
7
11
9
11
11
10
7
11
11
11
10
6
6
10
11
7
7
11
11
8
7
7
6
5
3
7
11
11
11
5
11
9
8
7
11
11
11
11
11
11
11
11
4
11
11
11
9
4
11
11
11
9
9
4
11
11
11
6
7
5
7
6
4
6
3
2
5
11
6
9
11
10
6
10
9
11
9
11
11
11
11
11
11
7
11
8
11
11
11
9
11
11
11
11
11
11
11
11
11
11
11
3
11
11
11
11
11
11
11
11
11
8
