The program assumes both pdb files start with the same aminoacid. Please check for hydrogens.
Below are the RMSD values residue by residue
43.810848
39.691685
36.899368
31.634905
25.217331
25.716700
26.274717
25.284723
21.183790
21.824755
19.759396
16.007660
16.949255
16.087706
12.130629
9.039458
3.835205
2.622199
1.561549
2.006225
2.034806
1.943553
1.763347
1.929685
1.991373
2.041556
2.053267
2.119562
2.117997
2.102848
2.212579
1.923841
2.073300
2.020331
2.070871
1.988103
1.912051
1.875328
1.737345
1.927693
1.523779
1.543440
1.541121
1.521312
1.445718
1.818438
1.789613
1.755625
1.815522
1.838028
1.891267
1.954867
1.936298
2.011990
1.927626
1.962588
2.155921
2.012598
2.068432
2.027946
1.978146
1.978486
1.905988
1.921994
1.842791
1.854755
1.807428
1.570694
1.605574
1.609393
1.631556
1.580778
1.510806
1.481915
1.501437
1.549254
1.596599
1.658056
1.691305
1.779176
1.875417
1.992647
1.982073
2.258139
2.141839
2.218721
2.158957
2.213602
2.159999
2.080028
2.089099
2.073272
2.000100
2.054375
2.025608
2.059597
1.995770
1.904009
1.928348
1.977409
1.960252
1.845754
1.795843
1.809641
1.816569
1.868281
1.943218
2.036558
1.990829
2.103728
2.134524
2.172787
2.104959
2.340649
2.324232
2.125900
2.107319
2.048196
2.034573
1.965289
1.887737
1.840243
1.731264
1.711568
1.683747
1.763756
1.866536
1.790650
1.910556
1.840877
2.161996
1.982449
1.693225
1.870893
2.636699
4.432664
2.416403
2.997609
3.214290
3.621904
3.244971
3.295743
1.699498
1.653956
2.663177
2.284996
1.531800
1.566162
1.943541
1.993850
1.918302
1.929039
1.763505
1.722744
2.086065
1.959845
1.620178
1.728509
1.848471
1.731302
1.602018
1.642748
1.627654
1.584148
1.622433
1.716699
1.707636
1.683053
1.691412
1.557976
1.695730
1.599226
1.541810
1.565422
1.500974
1.382440
1.388545
1.330694
1.300188
1.208674
1.200893
1.173686
1.151571
1.154014
1.104777
1.274114
1.207750
1.113721
1.131887
1.165144
1.140455
1.153715
1.188786
1.130517
1.135984
1.037382
1.077487
1.088482
1.039794
1.068132
1.136969
1.205824
1.253692
1.210502
1.257198
1.211992
1.133764
1.117352
1.149308
1.142320
1.075986
1.055234
1.159840
1.131653
0.959029
0.923745
1.418393
1.180441
1.162186
1.135645
1.042805
0.999719
1.123517
1.216391
1.265655
1.331339
1.391516
1.380422
1.329587
1.342744
1.391381
1.360201
1.291381
1.345882
1.408282
1.321095
1.329344
1.398704
1.426528
1.459265
1.501904
1.544263
1.488804
1.584079
1.693764
1.696191
1.737498
1.759305
1.937386
1.853337
1.836105
1.781042
1.833406
1.794516
1.750405
1.769626
1.728906
1.628834
1.677699
1.621616
1.573949
1.590424
1.574319
1.600252
1.634912
1.447656
1.269638
1.497787
1.439033
1.503366
1.539233
1.829342
1.420534
1.388169
1.191295
1.289903
1.502516
1.512241
1.830468
1.650277
1.508255
1.419297
1.421320
1.388642
1.425020
1.383067
1.337033
1.312527
1.338857
1.421002
1.350075
1.291702
1.382060
1.462546
1.296414
1.331299
1.427235
1.418807
1.443051
1.461380
1.515659
1.531696
1.618913
1.590902
1.636606
1.690041
1.698961
1.693753
1.752678
1.810071
1.836259
1.924812
1.940973
2.002597
2.030498
2.037650
1.949937
1.911137
1.921218
1.871499
1.769034
1.799419
1.770680
1.723727
1.651209
1.670935
1.671976
1.627070
1.538559
1.554175
1.540903
1.499504
1.465374
1.401866
1.368528
1.269949
1.216511
1.373515
1.358055
1.377460
1.320728
1.352709
1.354465
1.445317
1.424398
1.466553
1.403327
1.256767
1.369931
1.360523
1.393567
1.164535
1.608429
1.330411
1.291146
1.442560
1.425477
1.419604
1.351818
1.527467
1.556247
1.672123
1.717728
1.658161
1.635635
1.628930
1.611018
1.697903
1.742559
1.744155
1.882324
1.759403
1.837076
1.908857
1.870233
1.969267
1.926179
1.846012
1.822610
1.815760
1.687773
1.639391
1.727431
1.768240
1.705543
1.667305
1.619801
1.561685
1.514192
1.532201
1.505681
1.498645
1.451651
1.532274
1.557702
1.560126
1.615214
1.644640
1.652278
1.624959
1.754935
1.777537
1.779340
1.833628
1.904354
1.928025
1.981699
1.947533
1.992393
1.900896
1.775087
1.714161
1.628014
1.585096
1.483790
1.414513
1.495115
1.637512
1.491076
1.608456
1.669153
1.560734
1.795539
1.709123
1.857455
1.835294
1.972303
7.952098
11.446980
6.886413
5.078450
10.665301
8.479627
2.245763
6.213478
5.978595
2.132524
7.265473
10.339097
8.556005
11.879054
16.701925
18.620384
19.313974
24.343773
27.770933
28.019920
32.129662
36.435368
38.177822
39.223808
44.443771
RMSD
Copy/paste all the input until here to the appropriate column.
Groupcount of wildtype is:
453
Groupcount of mutated is:
453
If the two preceding values are not the same than you have OXT (oxygen) and hydrogen atoms either in the end or beginning. Proceed with caution
Overall RMSD is:
7.202447
Please copy paste the value above in the appropriate cell
Thank you.
