9
8
0
9
7
5
6
1
9
8
9
1
10
8
9
9
1
2
4
2
3
2
2
9
8
3
1
5
1
6
1
7
1
1
1
3
4
9
1
1
1
1
1
1
2
1
1
9
9
9
1
1
9
1
2
1
1
1
1
1
1
1
1
1
1
1
1
3
0
9
9
9
9
9
8
9
1
1
1
4
6
4
2
9
9
4
1
1
1
1
9
9
9
9
1
3
1
1
1
1
1
1
1
1
1
1
2
1
1
1
1
1
1
1
0
1
1
1
1
2
1
6
1
1
5
6
1
10
3
8
1
1
1
2
1
1
3
1
1
1
3
1
1
1
0
1
2
5
1
1
10
4
10
1
9
9
1
3
1
1
1
1
3
6
1
1
1
1
1
2
2
1
1
6
1
1
1
1
2
3
1
0
1
9
3
2
9
9
9
1
9
7
1
3
9
8
3
2
1
3
1
9
2
1
9
1
2
1
1
7
0
9
4
9
6
9
9
9
9
9
7
9
9
9
9
8
9
10
2
7
9
9
9
1
2
1
3
9
3
2
6
3
9
9
1
9
8
9
4
3
1
9
1
3
9
9
6
1
9
2
4
1
8
9
9
9
2
6
1
9
9