9
9
6
7
7
9
8
9
9
5
9
1
7
8
9
1
9
6
3
9
1
9
5
9
9
9
0
2
8
6
7
9
1
9
4
1
1
4
3
6
2
1
1
3
1
2
1
9
5
9
9
1
9
3
1
1
1
2
1
1
1
1
1
1
1
1
1
5
8
10
9
9
9
9
9
9
0
1
1
1
1
8
7
2
1
1
1
1
1
1
5
10
9
1
1
1
1
1
1
1
1
1
1
1
1
1
1
1
1
1
1
3
3
1
1
1
1
1
1
1
1
1
1
1
1
4
1
9
0
2
9
1
1
1
1
1
3
1
1
1
1
5
1
1
1
1
9
10
3
1
9
9
1
1
9
2
1
1
1
1
1
1
1
8
3
2
1
1
1
1
1
1
1
10
4
1
3
1
1
8
2
3
2
1
7
5
3
6
9
1
9
9
1
8
9
9
10
8
8
1
5
9
1
9
9
5
3
4
4
8
9
8
9
7
3
8
1
9
9
9
3
1
9
1
8
9
5
9
2
1
9
4
9
9
7
8
9
9
5
6
3
0
1
8
1
1
1
5
8
9
8
9
1
4
8
5
7
9
4
7
9
9
8
7
9
8
1
1
8
2
8