9
9
9
0
1
6
9
9
8
7
3
3
7
9
9
1
4
1
1
10
8
6
9
9
9
4
2
1
9
10
1
9
1
1
1
2
9
7
9
1
1
1
1
4
2
2
1
9
1
4
2
1
1
1
1
1
1
1
1
1
1
1
1
1
1
1
1
1
9
9
9
9
9
9
9
9
1
1
1
1
4
6
1
5
2
1
1
1
1
1
9
10
9
8
0
1
1
1
1
1
2
1
1
10
1
1
1
1
1
1
1
1
1
1
1
1
1
1
1
1
1
1
1
1
1
2
1
0
4
1
2
1
1
2
1
1
1
1
1
1
1
9
1
2
1
1
1
7
1
4
9
6
9
1
7
1
1
1
1
0
1
1
1
1
3
7
1
2
1
5
1
1
1
1
1
1
1
1
2
9
10
7
2
9
8
9
8
8
8
2
9
7
6
9
4
6
5
10
9
8
9
9
6
1
3
1
2
9
2
9
9
1
9
9
9
9
9
8
9
9
2
4
1
9
2
9
1
9
8
1
8
2
2
1
8
8
7
8
9
1
1
9
1
2
1
7
9
9
1
7
6
9
1
0
1
1
5
9
9
1
9
6
8
7
1
9
1
8
9
6
1