0
0
0
0
0
0
0
0
0
0
0
0
0
0
0
0
0
0
0
0
1
3
0
3
0
1
0
0
0
8
8
4
7
8
8
4
6
7
11
10
3
2
0
1
0
0
0
0
5
5
7
2
3
4
5
6
4
11
11
11
11
11
11
11
11
5
5
7
11
9
6
8
11
5
3
6
5
11
11
5
8
11
11
8
5
9
5
7
11
11
11
9
9
11
6
11
8
6
4
11
11
8
7
5
8
6
11
11
11
11
11
11
11
11
10
11
11
11
11
11
9
11
11
11
11
6
7
9
11
9
5
8
11
7
11
6
5
4
6
11
11
11
11
11
11
11
5
11
7
11
8
11
11
11
11
11
8
11
11
11
11
11
5
9
7
3
9
9
11
11
11
11
9
10
8
6
8
11
11
2
6
11
6
7
4
11
11
3
11
11
11
10
11
11
11
11
11
11
8
11
6
7
8
11
6
11
11
5
11
11
8
11
8
11
11
11
11
11
4
11
11
11
6
11
5
5
7
9
5
6
7
11
11
11
11
11
11
11
9
11
11
8
8
11
11
11
11
11
11
11
7
9
11
7
9
5
9
9
1
9
3
3
11
9
6
9
7
9
11
7
11
11
11
11
11
11
11
11
11
5
7
11
8
8
11
9
10
11
8
6
10
7
6
9
10
9
11
11
11
11
9
8
5
6
5
11
7
11
11
11
11
11
11
8
11
11
8
4
8
6
10
8
11
5
8
9
5
5
7
8
8
11
10
9
11
7
11
7
4
6
6
5
4
7
6
8
3
4
7
7
9
8
7
6
5
7
4
5
5
4
2
2
1
2
2
2
8
7
7
11
7
6
5
9
3
1
3
3
5
11
4
0
3
4
6
6
8
5
9
6
6
11
7
11
3
11
6
11
11
11
11
8
11
11
8
8
6
9
7
10
6
9
11
5
8
6
11
11
7
3
7
8
11
11
8
11
7
9
7
6
7
7
7
6
6
11
11
11
11
11
11
8
11
11
11
6
11
11
11
5
11
7
11
6
9
11
6
11
11
11
11
9
11
10
11
5
5
7
6
9
11
11
11
11
9
7
11
11
5
8
6
8
9
11
6
11
6
11
6
11
8
9
3
8
9
9
11
5
7
11
9
11
11
11
6
11
9
6
11
9
8
9
4
6
4
7
11
3
6
5
11
9
9
6
4
9
6
8
11
11
11
11
11
9
11
11
11
11
9
8
6
5
5
