The program assumes both pdb files start with the same aminoacid, Please check for hydrogens,
Below are the RMSD values residue by residue
15,968151
14,526977
11,202664
9,546611
9,150729
7,936825
8,493420
10,922971
11,336573
14,740146
15,535439
19,201244
20,659952
18,223118
19,425564
15,138702
9,167957
5,748106
8,655579
12,263816
18,086039
20,802395
17,123362
21,241930
24,625647
23,560255
21,940653
21,852058
16,376389
11,455089
14,767221
17,353468
17,891811
19,109306
23,150345
25,317554
24,330404
20,359138
18,816454
19,816803
16,888575
17,027269
14,643216
12,055693
7,791184
3,562463
2,009288
8,151904
14,747269
17,602354
21,358227
19,993631
17,816750
11,185924
9,098946
4,318583
4,262013
4,904137
3,218977
7,464581
5,175806
5,590294
4,877461
7,394073
5,100274
5,918775
5,463478
5,164734
5,186118
4,942292
3,324689
4,070032
2,331828
3,433104
3,039980
2,057590
1,653944
1,979658
2,397617
2,286888
2,512020
1,954243
1,666724
1,671060
2,015664
2,515657
2,603067
2,628399
2,227437
2,700027
2,704951
2,577052
2,395438
2,930401
3,525787
2,952859
2,833861
3,432365
3,563994
3,070591
3,408879
3,989023
4,039432
3,767275
3,383782
2,506727
2,715325
2,613126
2,508677
2,473749
2,191004
1,788490
1,863503
1,890108
1,841677
1,603998
1,920369
0,978756
3,244707
1,240934
1,814608
2,701617
2,584328
1,837922
1,853186
2,320156
2,487243
2,202761
2,046015
2,667287
2,604223
2,333042
3,114083
2,967078
1,793341
1,791909
5,557829
6,110660
8,854375
11,798877
8,878847
9,811122
13,641808
12,255658
11,749905
14,258619
15,709848
17,199171
16,560869
15,655503
14,495136
9,368303
3,322618
3,152899
2,242936
2,607777
2,919531
2,653847
2,768955
3,170815
3,261855
2,902227
3,341032
3,530857
3,606224
3,685746
2,734221
2,462352
2,112475
2,102866
1,890509
2,657796
1,892709
2,012260
1,741248
1,766709
1,507068
3,488711
1,744331
2,990330
6,023708
10,283258
16,337336
15,824207
14,568576
7,841337
4,708395
3,807221
3,029092
2,821141
2,347114
2,354286
2,012549
1,960371
1,382462
1,466203
1,600101
2,187092
2,238923
2,488856
2,422610
2,749128
2,582049
2,880982
2,102960
1,997425
1,934919
1,709477
1,540307
1,525981
1,450051
1,950964
1,754757
1,970437
1,696708
1,381840
2,667216
2,451672
1,841425
1,699737
1,927462
1,811192
2,254143
1,944054
1,839134
2,265085
1,643033
1,762303
1,283403
1,843578
2,644691
1,670870
1,999486
1,903656
2,413437
4,049262
4,399570
2,220583
1,674441
1,787214
1,569186
1,256771
2,148126
2,265630
1,929895
1,323366
1,785706
2,237450
2,561424
2,482078
2,664469
2,543482
2,359559
1,652816
1,099358
3,649353
4,883230
3,251081
2,402646
4,203024
3,049685
1,170785
0,872110
1,706718
1,902863
1,823121
1,653739
1,700523
1,550191
1,826288
2,634852
2,811070
2,594646
2,970613
2,899047
2,629179
2,296440
3,155696
3,328372
3,436053
3,078459
3,088681
3,351893
2,955275
2,665262
3,206001
3,307558
2,906271
3,435349
4,196242
3,635473
3,721665
3,626022
3,196676
3,079855
2,597639
2,404917
2,719736
2,604187
2,349016
3,453760
3,947656
3,586261
6,011763
4,321975
3,250325
3,247902
5,871103
9,028133
6,381759
8,796958
4,157612
2,433403
2,039384
3,395494
4,030273
1,675021
2,012297
2,068196
2,346790
1,972046
2,320019
3,006897
2,739630
2,971281
2,836321
3,044957
3,067456
3,053498
3,551252
3,644171
4,024163
3,453435
2,495799
2,603311
3,240504
2,762413
3,419697
2,958326
2,913404
3,231633
3,090385
2,374267
3,174993
2,955734
3,211797
3,409079
3,318308
2,832638
3,174760
2,659091
3,265209
3,754048
2,856807
3,019245
3,054835
2,984961
2,819741
3,347719
3,323507
3,065023
3,335390
3,030042
2,495404
2,664969
2,764443
2,171316
2,418796
2,487219
2,991388
2,849827
2,098369
2,332593
1,959876
1,927354
1,332676
1,258334
0,929562
0,884459
0,696013
0,798989
0,557717
0,694031
0,926633
3,494736
4,781713
7,771838
7,935746
12,913244
14,683105
12,613826
9,361111
6,382255
8,795108
8,471306
11,482478
14,507112
13,299245
13,536295
7,942508
8,341564
7,240097
7,815446
7,874329
6,891524
7,864813
7,101820
5,567903
2,594431
2,802717
1,527590
2,506782
2,627360
2,348700
1,672307
1,840621
1,507102
1,799743
1,473626
1,162389
1,285647
1,613393
1,383514
1,859579
2,442306
1,776978
3,412335
9,659739
10,164028
7,577576
5,946615
7,553371
6,136332
6,952189
6,551851
5,859348
6,615863
6,853983
5,612297
6,220055
6,998608
9,558855
8,647164
6,851239
5,206741
5,350504
2,060195
6,937636
4,471794
5,655355
11,928205
13,260241
14,023855
12,557396
12,171885
12,800581
13,021336
15,470059
14,192226
13,182108
13,623860
13,802614
8,223696
1,738299
4,427549
6,205555
4,160142
2,622941
5,406167
2,808357
2,995597
2,943708
2,769545
3,110952
2,230299
1,866077
1,115226
1,292573
1,526797
1,422161
1,701679
2,046132
2,169848
2,615068
2,332142
2,421927
2,672725
2,954121
2,874265
2,477942
1,534346
4,300189
4,222539
4,824841
8,536539
8,771090
13,488492
12,466854
14,014335
15,650007
16,937510
19,878635
18,504377
12,862504
10,862081
5,959565
9,434911
9,787903
10,292544
10,692442
11,944285
13,049528
14,592558
19,128126
22,009678
24,691683
25,633505
26,338982
25,388300
25,631783
26,910667
28,057392
28,218620
26,975704
21,344114
19,712994
23,621845
21,415108
17,467516
13,236292
11,730783
9,219357
10,880010
9,014192
8,467184
8,991943
12,027541
11,702699
14,725885
10,954185
8,075456
6,660954
6,882090
RMSD
Copy/paste all the input until here to the appropriate column,
Groupcount of wildtype is:
544
Groupcount of mutated is:
543
If the two preceding values are not the same than you have OXT (oxygen) and hydrogen atoms either in the end or beginning, Proceed with caution
Overall RMSD is:
8,678576
Please copy paste the value above in the appropriate cell
Thank you,
