The program assumes both pdb files start with the same aminoacid. Please check for hydrogens.
Below are the RMSD values residue by residue
36.902218
38.836102
43.479137
47.975376
49.244621
50.526737
51.166965
52.011932
47.468563
46.380859
47.822205
43.505905
38.577999
35.971088
33.554062
26.963102
27.123434
27.540245
25.541124
27.518867
26.008835
19.891548
16.581207
17.648643
20.664627
27.740360
32.090916
35.090919
41.397373
44.862415
44.409542
43.022072
46.845058
44.817886
47.157566
52.608906
54.146469
51.780159
53.319897
52.846661
50.550293
48.678158
47.787849
42.176952
41.171192
43.485710
38.290329
34.140930
37.557125
36.040287
29.467329
30.384804
34.770882
30.315029
26.070221
31.370831
34.341721
29.295090
29.023659
27.947884
30.791586
32.831657
30.576666
32.730183
39.538437
39.205841
34.487446
38.018131
44.623222
43.026829
43.171535
41.470951
40.081154
38.334808
35.073093
32.869720
26.143291
25.945366
29.644690
25.042044
20.158812
25.006475
26.483070
21.117491
22.303654
19.491468
18.989620
23.317102
24.153969
24.028276
24.172329
24.343142
22.415945
26.093096
20.253233
20.296843
15.566796
15.315948
13.204590
11.102497
12.275709
12.535214
15.168268
14.757133
15.347557
19.109188
21.329948
21.692066
22.820841
25.411211
26.585754
27.378159
29.237505
33.967297
34.353874
37.708717
39.854973
40.837952
36.202377
34.064137
36.564823
34.979729
31.185163
33.516426
28.635622
23.625811
24.718231
23.821123
19.220230
20.707336
26.025002
24.397831
18.781498
22.381992
27.304073
24.861610
24.722506
25.357340
20.668831
23.154825
27.122795
22.987507
20.379984
25.989790
29.339336
25.930309
24.489141
26.663771
25.175623
22.009939
21.477758
22.751841
21.898977
20.079309
23.168953
19.432888
21.965931
18.809277
23.959238
23.655586
26.171755
27.688784
27.553705
24.017866
17.488642
16.290203
13.073800
9.825067
5.323360
8.104349
13.800360
12.032365
14.109375
13.964669
16.177622
18.965816
23.640757
27.689579
29.328583
26.661819
25.936823
20.904543
17.349720
16.590456
17.410263
18.277853
17.064104
15.234986
17.148441
21.472555
22.415001
21.600536
24.405357
27.312738
30.128120
34.494274
30.339190
28.378731
26.522280
24.127403
22.763138
19.847767
19.249619
20.357140
20.467834
21.555311
18.729618
22.094547
24.527111
28.433517
28.292753
31.845163
30.117386
31.003231
30.421904
32.936947
36.639687
34.066170
30.850925
27.975624
23.086533
21.369553
19.892912
16.629293
16.048449
10.563037
11.916250
15.178974
16.478487
16.174288
11.620789
9.650639
9.447722
5.604154
6.860807
4.849504
7.094613
9.233809
9.357586
10.656929
10.501001
9.838748
5.958604
11.342061
14.787004
18.995867
20.368050
20.103111
17.862637
18.586636
18.121996
18.534691
22.448694
22.567505
21.176899
20.483074
20.842964
27.175058
26.028782
25.304764
21.686270
17.511551
17.473747
18.677694
21.347057
23.112267
20.812883
20.400900
22.536081
18.940399
16.065907
20.174164
20.564774
15.852479
16.788286
20.166355
17.297829
15.026011
19.152702
20.014805
15.897023
16.464941
20.641577
18.972185
15.433325
19.044481
20.851116
16.911177
16.562838
21.038454
19.908579
15.808650
18.599651
21.478979
17.701843
16.035505
20.271935
20.730604
16.289719
16.797680
20.984137
19.109932
15.041670
18.426020
20.133940
16.957382
14.259181
11.119202
8.492025
10.390573
11.065997
13.017689
10.654580
12.085207
11.925903
8.919311
10.764398
8.599519
7.820698
10.498870
10.176274
7.844239
10.465970
12.138425
9.568340
9.683932
13.427464
12.890818
9.842230
13.108212
16.121607
13.827168
12.235578
16.808620
17.690044
13.775479
15.682322
19.967722
18.589548
15.778471
20.058569
22.787930
19.773424
20.081724
25.063025
25.279133
22.724392
18.385927
14.008471
13.272211
9.310895
8.879334
11.009077
10.947038
8.110019
7.674177
9.898091
10.536637
8.442033
7.546581
10.398569
11.923080
9.835514
8.948844
12.573682
13.611702
10.482299
11.233406
15.346399
14.827584
11.361036
14.342031
17.391693
14.267903
12.508131
17.138674
17.449335
22.238466
23.735126
21.791466
24.887722
28.831837
31.922323
32.706436
27.860573
26.868341
22.190113
24.516594
26.849413
22.559433
21.013081
25.211124
24.455360
19.447386
20.265026
21.992338
17.635855
16.130350
19.869780
20.907730
18.457680
16.012396
16.272739
13.181170
14.943385
13.890038
9.839352
10.429647
12.323932
9.027733
8.774199
12.207975
11.323962
9.772644
13.147308
16.176683
14.490341
16.757505
20.516241
19.767061
22.979044
RMSD
Copy/paste all the input until here to the appropriate column.
Groupcount of wildtype is:
421
Groupcount of mutated is:
422
If the two preceding values are not the same than you have OXT (oxygen) and hydrogen atoms either in the end or beginning. Proceed with caution
Overall RMSD is:
24.897766
Please copy paste the value above in the appropriate cell
Thank you.
