The program assumes both pdb files start with the same aminoacid. Please check for hydrogens.
Below are the RMSD values residue by residue
20.820332
23.452396
20.661034
23.474396
20.518850
16.915249
18.139627
21.355709
18.799152
17.910540
20.212648
19.478540
19.760971
21.337196
20.692732
18.096743
21.513708
24.242891
22.607431
25.689756
29.758137
27.063400
26.365007
29.587887
30.092157
30.821594
32.299747
35.945503
41.195751
42.122936
35.668610
35.439091
39.542969
40.597179
44.630486
50.665932
50.050972
49.035736
50.699623
50.169476
47.976997
45.859451
45.206120
39.539124
38.663532
41.233231
36.266132
32.246510
35.952644
34.588547
28.279762
29.485371
34.139328
30.176435
26.163349
31.426628
34.698284
30.269964
30.177877
28.877584
31.652531
34.143661
31.980015
33.617119
40.375450
40.236130
35.464928
38.607868
45.268532
43.910629
43.868572
42.560162
41.269211
39.692284
36.851978
35.036938
28.285305
27.939768
31.905329
27.356314
22.366470
27.235662
28.817924
23.289291
24.085836
20.838964
20.266148
24.771473
25.420338
25.038334
25.399330
25.128590
23.164404
26.492016
21.091085
20.574181
15.140979
14.939432
11.915221
9.918152
9.838573
9.805245
12.454346
12.787059
13.474261
16.998768
19.402599
20.409111
21.323212
23.876207
25.439949
26.454361
28.214306
33.126209
33.914680
37.209648
39.043739
40.310173
35.708942
33.093273
35.373051
34.015842
30.072693
31.970062
27.113533
21.826786
22.764906
21.657558
17.165052
18.476259
23.301176
21.302303
15.660282
19.273489
23.714981
21.059900
21.163107
21.400396
16.720528
20.170187
24.504951
20.447708
18.809469
24.967688
28.298519
25.103695
24.658693
27.812256
26.161634
23.789858
24.229710
25.467688
23.949221
22.009233
24.562757
20.499104
22.552374
18.826235
23.946468
23.300793
25.530533
27.051153
26.566246
22.802565
15.985326
14.568933
10.738361
7.016846
2.729792
5.486291
11.354218
10.122982
12.326475
12.699288
14.837906
17.667946
22.236248
26.263958
27.787672
25.359961
24.701481
20.026402
16.060398
15.236303
15.698666
16.792089
15.609203
14.195800
16.066584
20.424129
21.456060
21.021772
24.369007
27.752445
30.434175
35.217983
31.291388
28.942806
27.410521
23.978695
21.996405
18.252571
17.469229
18.248970
18.544901
19.737194
17.238556
20.413916
23.344860
26.995483
27.023008
30.381189
28.500412
28.949060
28.545446
31.190811
35.371666
33.125420
30.463463
27.747566
23.324421
21.630823
20.472166
17.181393
16.583412
11.019104
12.093390
15.743011
17.600733
17.138197
12.912710
10.522457
10.367823
6.061283
6.813540
4.656790
6.904880
9.100523
9.415645
10.683076
10.536945
9.910115
5.822217
11.461052
15.249479
19.131855
20.970648
20.735832
18.569288
19.354256
18.781883
19.334084
23.210270
23.553772
22.453541
22.166481
22.912119
29.456625
28.656334
28.071838
24.628166
20.747978
20.974218
22.491451
25.182013
26.713179
24.555241
24.193396
25.858377
22.196707
19.715662
23.481010
23.562525
19.017723
19.864777
22.834753
19.975855
17.733706
21.362078
22.086908
18.136946
18.343605
22.289980
20.771999
17.253086
20.452347
22.160189
18.350952
17.899300
21.970720
20.796387
16.910067
19.514240
21.945845
18.304359
16.638981
20.419607
20.664515
16.511925
16.947344
20.536268
18.591146
14.877906
17.869909
19.051764
15.975213
13.351520
10.844811
9.185155
10.324714
11.371425
12.768236
11.051666
12.586444
12.824933
10.487831
12.165019
10.152074
9.285583
11.631475
11.274294
9.364844
11.605507
12.988196
10.555334
11.062096
14.347858
13.589324
11.029392
14.192341
16.743895
14.928293
13.554914
17.815348
18.284876
14.709505
16.989374
20.825712
19.105284
16.924324
21.278078
23.462374
20.446016
21.270409
25.944439
25.667395
23.289064
18.956320
15.272780
14.554347
11.432056
9.880651
12.162228
12.974833
10.347330
9.208845
11.763981
12.752578
10.462361
9.436080
12.314202
13.719975
11.410579
10.669269
14.044881
14.719681
11.726874
12.530019
16.097845
15.273974
12.220055
14.838202
17.384720
14.418256
12.803173
16.730354
16.857738
21.145231
22.578312
21.141933
24.003515
27.610489
30.711428
31.343285
26.912365
26.370560
22.065760
24.218731
26.749640
22.871441
21.316139
25.397270
24.992838
20.321701
21.061289
23.007034
19.095242
17.529001
21.178448
22.526430
20.534481
18.025732
17.829962
14.577084
15.858613
15.200551
11.565289
11.079372
12.690563
10.089671
8.919492
11.236096
10.475316
8.912342
11.498994
14.039186
12.221373
14.719709
17.893841
14.778427
18.166451
RMSD
Copy/paste all the input until here to the appropriate column.
Groupcount of wildtype is:
421
Groupcount of mutated is:
422
If the two preceding values are not the same than you have OXT (oxygen) and hydrogen atoms either in the end or beginning. Proceed with caution
Overall RMSD is:
23.623413
Please copy paste the value above in the appropriate cell
Thank you.
