The program assumes both pdb files start with the same aminoacid. Please check for hydrogens.
Below are the RMSD values residue by residue
15.591877
10.413945
11.015040
5.835305
4.580062
5.560760
6.812678
3.694164
1.525307
3.362528
4.728313
1.646500
2.938654
5.251816
4.161317
1.649674
5.771084
2.096905
1.809923
0.768268
1.220491
0.827407
0.845879
0.740892
0.726310
0.751033
0.574703
0.472347
0.454390
0.286944
0.444029
0.414395
0.436170
0.457096
0.712465
0.732264
0.943972
0.964874
1.102288
1.235732
1.388654
1.483355
1.628074
1.982672
1.794103
1.734330
1.663483
1.533277
1.600282
1.619668
1.449181
1.391529
1.506047
1.406670
1.277763
1.345112
1.426197
1.309382
1.175246
1.136117
1.088094
1.226162
1.095001
0.954230
1.033436
1.046375
1.097872
1.107260
1.233620
1.143546
1.054826
1.150847
1.042087
1.341972
1.581853
1.242441
1.244073
1.213930
0.919609
1.002127
0.884738
0.718519
0.761087
0.644515
0.795856
0.958762
0.973543
1.038367
1.107931
1.164749
1.210667
1.391026
1.368057
1.376948
1.407573
1.620763
1.692234
1.521290
1.618732
1.677912
1.815430
1.707203
1.620954
1.419055
1.224599
1.134658
0.985983
1.003871
0.729645
0.713569
0.537672
0.731785
0.747479
0.835083
1.076531
1.078188
0.961484
0.799918
0.624725
0.552598
0.452670
0.401513
0.546447
0.527607
0.406494
0.470741
0.414422
0.190843
0.193044
0.244348
0.241760
0.168363
0.611166
0.473484
1.435027
1.643001
1.652411
1.729929
1.112023
2.334358
2.863080
2.501322
2.515132
2.802819
2.266073
1.777385
1.341911
1.348615
1.297542
1.500669
1.409609
1.321297
1.446279
1.301565
1.127126
1.132312
1.292727
1.025706
0.878432
0.953478
0.885522
0.804389
0.828736
0.767680
0.650995
0.604636
0.692833
0.638305
0.563100
0.518353
0.678016
0.820772
0.837141
0.818794
0.980546
1.078172
1.128988
1.309457
1.316335
1.442427
1.625728
1.601763
1.511575
1.387817
1.484841
1.391854
1.286833
1.339348
1.371300
1.283753
1.183649
1.230208
1.182227
1.186525
1.156715
1.331783
1.165128
0.991952
0.999230
1.059938
1.054701
0.862021
0.717595
0.587330
0.506410
0.610241
0.734636
0.548505
0.523040
0.692978
0.840082
0.763920
0.780924
0.952339
0.996272
0.926768
0.934001
1.063079
1.009231
1.181419
1.327300
1.228268
1.226415
1.155955
0.997477
0.947171
0.828829
0.830316
0.866491
0.731005
0.619242
0.683273
0.671963
0.516246
0.523795
0.539953
0.440402
0.417153
0.437513
0.384387
0.379189
0.482071
0.511683
0.613600
0.555993
0.620561
0.634150
0.600425
0.398128
0.486082
0.507707
0.455913
0.266680
0.310035
0.328769
0.285111
0.200282
0.202990
0.267256
0.320337
0.264700
0.300300
0.364246
0.468656
0.493585
0.730114
0.980397
0.965249
1.197820
1.239602
1.287423
1.494354
1.567618
1.494002
1.493196
1.491617
1.285915
1.153087
0.994084
0.833245
0.895490
0.772774
0.898225
0.981964
0.879819
0.766506
0.788547
0.810741
0.750167
0.570395
0.568560
0.566357
0.440028
0.333832
0.386281
0.273754
0.238885
0.236918
0.288832
0.240102
0.201804
0.316187
0.313136
0.292611
0.336578
0.386219
0.321193
0.420860
0.521531
0.489738
0.502932
0.618954
0.672576
0.790477
0.782863
0.821551
0.783639
0.665745
0.748172
0.798772
0.637722
0.628287
0.750439
0.697387
0.610483
0.764578
0.649732
0.595669
0.541181
0.684110
0.811839
0.766186
0.797280
0.684202
0.881709
0.999914
0.843978
0.956700
1.033802
0.943810
0.882851
0.826516
0.693949
0.705992
0.698205
0.835879
0.910448
0.884955
0.907283
0.975203
1.131947
1.387127
1.181827
1.115958
1.205705
1.450055
1.171592
1.102507
1.279818
1.607906
1.556637
1.353795
1.331457
1.140281
1.138094
0.980801
0.901105
0.926597
0.845772
1.019117
1.047831
0.930551
0.949402
0.897655
0.979729
1.014114
0.992363
1.019257
0.998153
0.965906
1.112210
1.300124
1.128165
1.256338
1.132977
1.005472
0.922704
0.877093
0.728493
0.701074
0.466308
0.432047
0.418495
0.597760
0.558378
0.444343
0.582125
0.649839
0.614448
0.632464
0.788679
0.785083
0.724189
0.834492
0.910321
0.810072
0.955513
0.896984
0.993274
0.910392
0.746070
0.695984
0.579959
0.538477
0.561156
0.611479
0.763194
0.802313
0.592711
0.607235
0.598222
0.708578
0.783077
0.926067
1.012648
0.912211
0.539876
4.325770
10.292829
8.775782
10.658718
15.171420
17.787703
15.421618
18.782255
22.528572
21.193550
20.322329
24.302143
26.256462
25.243643
25.851450
28.064957
27.498150
26.784718
29.149832
28.587452
25.560751
27.189503
29.986229
28.191048
27.171793
RMSD
Copy/paste all the input until here to the appropriate column.
Groupcount of wildtype is:
453
Groupcount of mutated is:
453
If the two preceding values are not the same than you have OXT (oxygen) and hydrogen atoms either in the end or beginning. Proceed with caution
Overall RMSD is:
5.632654
Please copy paste the value above in the appropriate cell
Thank you.
