The program assumes both pdb files start with the same aminoacid. Please check for hydrogens.
Below are the RMSD values residue by residue
13.379663
13.499967
12.343695
15.411209
13.389623
10.812055
10.869127
12.098458
15.472343
12.006587
9.457667
10.445784
14.446410
10.554080
4.854897
10.260963
10.142063
3.963618
2.536405
1.688756
1.455239
1.598210
1.314274
1.308637
1.171251
1.301886
1.050835
1.167968
1.187646
1.196822
1.184094
1.806604
1.228998
1.098747
1.098103
0.943396
1.023805
0.928880
1.042334
0.806358
1.058389
0.765201
0.725126
0.746732
0.927940
1.126978
1.051196
1.007997
1.148032
1.191955
1.156148
1.165566
1.405732
1.468836
1.382215
1.563503
1.698714
1.786234
1.752275
1.475137
1.329482
1.118360
1.017047
0.984800
0.981216
0.666871
0.707468
0.688828
0.534383
0.489391
0.520083
0.797027
0.646265
0.636262
0.989703
0.763893
0.741577
0.675887
0.762779
0.709965
0.912069
0.889796
1.182445
1.191718
1.867197
1.309931
1.428406
1.574822
2.085439
1.901972
1.616823
1.873080
1.898057
1.551114
1.495300
1.768000
1.699790
1.390784
1.551911
1.838216
1.682202
1.443128
1.441626
1.320234
1.374378
1.284502
1.262472
1.267784
1.134882
1.220795
1.167834
1.448313
1.468826
1.702100
1.973509
1.798135
1.548471
1.329822
1.174285
0.960745
0.736299
0.569174
0.478852
0.377555
0.434153
0.476874
0.454527
0.421733
0.403303
0.696065
0.684671
0.382754
0.762506
0.735453
1.298692
1.403744
1.690822
1.534554
0.458275
2.236517
2.576962
1.957822
1.696808
2.296414
1.950923
0.615720
0.536197
1.071665
0.253936
0.922222
0.562472
0.494690
0.491280
0.363907
0.505621
0.515862
0.499268
0.456824
0.543009
0.674449
0.558356
0.476449
0.666766
0.668761
0.542012
0.675132
0.824417
0.742710
0.606867
0.595490
1.036607
1.078380
1.172413
1.079054
1.113449
1.277650
1.109914
1.168262
1.019117
0.963210
0.960391
0.870689
0.740959
1.023086
0.995605
0.849766
0.962679
1.213743
1.207472
1.154972
1.337893
1.601159
1.659191
1.552816
1.641503
1.944266
1.929085
1.900525
2.132282
2.212201
2.156617
1.690897
1.979815
2.211687
1.994186
1.800200
2.001457
2.113225
1.759051
1.809950
2.010832
1.929103
1.695659
1.900193
1.955999
1.752090
1.870236
1.671796
1.536799
1.614688
1.404791
1.511803
1.418087
1.125952
1.237303
1.213186
1.040901
1.163808
1.438501
1.270309
1.128012
1.397017
1.552261
1.396134
1.305772
1.552565
1.656825
1.457782
1.196810
1.070089
0.873071
0.791341
0.564449
0.529419
0.338794
0.341681
0.415371
0.570597
0.586718
0.891849
1.005742
1.010235
0.656087
0.661549
0.881149
0.742654
0.601005
0.817638
0.831866
0.706432
0.919514
0.713380
0.705746
0.486128
0.664688
0.478912
0.594051
0.505472
0.526973
0.518150
0.482459
0.547199
0.419562
0.666170
0.788804
0.848580
0.776615
0.697403
0.707293
0.689710
0.611210
0.579148
0.693723
0.894478
0.887954
0.838340
1.001657
1.243831
1.228143
1.162951
1.188281
1.488075
1.505822
1.359431
1.548111
1.703552
1.727039
1.830407
1.633721
1.427653
1.464091
1.533624
1.343905
1.111877
1.312923
1.350841
1.021590
1.066468
1.283824
1.139591
0.973862
1.115072
1.341704
1.514575
1.542755
1.747359
1.635628
1.411401
1.495051
1.707468
1.454663
1.392858
1.603750
1.628957
1.415298
1.443661
1.803172
1.643048
1.435177
1.344527
1.607528
1.763764
2.003863
2.101495
2.286840
2.297096
2.734817
2.414859
2.368992
2.307031
2.170549
1.945308
1.730102
1.556570
1.292501
1.294602
1.513275
1.520345
1.267201
1.391054
1.514395
1.556829
1.596795
1.712833
1.907716
1.938324
1.940723
2.350293
2.396639
2.602376
2.493275
2.308745
2.486705
2.280780
2.384005
2.409811
2.213602
2.289630
2.072209
2.261196
2.280329
2.089702
1.971808
2.126878
2.104997
2.097704
1.841260
1.634062
1.288569
1.395711
1.429279
1.646423
1.822230
2.054676
2.212986
2.053021
2.108692
2.172660
2.144436
2.369169
2.229122
1.962739
2.095022
2.203315
1.989889
1.792329
2.008552
2.078988
1.768097
1.735595
1.956638
1.950891
1.655201
1.732953
1.927244
1.730388
1.732790
1.552463
1.445960
1.356909
1.302106
1.028601
0.985337
0.844192
0.765223
0.819171
0.892314
0.583369
0.553415
0.493529
0.597476
0.803458
0.878510
1.038425
1.295905
1.728343
2.212205
3.445427
6.448479
5.632785
2.704020
4.950458
7.849475
6.200726
2.592052
3.130127
4.438532
4.152939
3.103012
2.738541
2.409272
7.549690
9.069499
7.147114
8.965282
12.828762
14.428734
14.563842
17.383099
20.395023
21.100080
24.955961
RMSD
Copy/paste all the input until here to the appropriate column.
Groupcount of wildtype is:
453
Groupcount of mutated is:
453
If the two preceding values are not the same than you have OXT (oxygen) and hydrogen atoms either in the end or beginning. Proceed with caution
Overall RMSD is:
3.712732
Please copy paste the value above in the appropriate cell
Thank you.
