The program assumes both pdb files start with the same aminoacid. Please check for hydrogens.
Below are the RMSD values residue by residue
29.269182
28.548288
28.617401
25.020164
24.201954
29.090250
30.273516
26.063534
20.987804
18.893202
15.416335
12.655331
11.592604
9.335916
5.407136
3.857108
3.473989
5.763604
0.979326
1.369169
1.299928
1.286221
1.169976
1.242753
1.312056
1.293073
1.272893
1.285724
1.382061
1.338376
1.422293
1.177233
1.307249
1.227120
1.257298
1.200779
1.180028
1.151858
1.132326
1.137127
1.109758
1.249770
1.293743
1.476984
1.381439
1.312027
1.303077
1.276826
1.255503
1.261587
1.254553
1.253961
1.273863
1.292755
1.243758
1.237989
1.297314
1.251913
1.266251
1.269985
1.222911
1.273751
1.196078
1.207116
1.148317
1.169880
1.143854
0.975319
1.052649
1.021469
1.011938
1.022758
1.093477
1.294698
0.554839
0.839088
1.084051
1.065173
1.151291
1.074323
1.165409
1.210649
1.211933
1.387013
1.285789
1.354331
1.347045
1.321900
1.248890
1.248273
1.217798
1.287945
1.306407
1.347546
1.299539
1.338287
1.312592
1.282392
1.337420
1.305537
1.321027
1.302684
1.278094
1.187890
1.157254
1.162828
1.197893
1.199313
1.244645
1.314075
1.238119
1.336156
1.343825
1.383945
1.217543
1.225507
1.249068
1.247242
1.264888
1.227153
1.163208
1.142342
1.018842
1.049504
1.006405
1.085998
1.296470
1.086419
1.132907
1.452560
1.302258
1.128053
1.072904
1.275645
1.427749
1.621409
1.303713
0.906584
1.600999
1.910162
1.361534
0.725423
0.955210
1.276311
0.452439
1.063635
1.138385
1.162151
1.239881
1.296029
1.207070
1.165475
1.118833
1.142138
1.307452
1.204238
0.958819
1.110114
1.217642
1.166396
1.107778
1.114705
1.108327
1.105765
1.116844
1.143482
1.156730
1.056295
1.048562
0.907466
1.031196
0.982775
1.000795
0.995881
0.969188
0.901009
0.922015
0.920679
0.888451
0.869669
0.949762
0.947100
0.912283
0.818146
0.908130
0.952649
0.867459
0.847923
0.901221
0.855657
0.845932
0.767512
0.874301
0.856440
0.754943
0.739390
0.733484
0.786638
0.723777
0.626454
1.003513
0.771790
0.785562
0.755080
0.783030
0.782753
0.751966
0.703930
0.739627
0.761591
0.744861
0.665346
0.750347
0.754164
0.678169
0.559728
0.973209
0.820955
0.787797
0.787206
0.783914
0.765477
0.828068
0.864823
0.869966
0.910739
0.910419
0.899901
0.857898
0.869827
0.895754
0.886537
0.842404
0.871059
0.892950
0.840059
0.825784
0.884816
0.899623
0.911750
0.934229
0.974797
1.033643
1.004061
1.099465
1.155290
1.173118
1.283732
1.089006
1.239928
1.230382
1.139871
1.185322
1.174044
1.126760
1.113052
1.091801
1.030539
1.042863
1.012810
0.987609
1.015045
0.996507
1.008186
0.997680
0.990623
1.077634
1.004257
1.071564
1.049080
1.124785
1.058618
1.125125
1.097226
0.978278
0.966253
1.067547
1.130789
1.184651
1.194949
1.086236
0.997241
0.964115
0.944600
0.990272
0.950365
0.879503
0.883755
0.916579
0.940395
0.883620
0.834736
0.858006
0.881573
0.839640
0.835387
0.851077
0.865563
0.874363
0.911854
0.966039
0.937758
0.981204
0.984076
0.988503
1.054646
1.064231
1.040502
1.081696
1.111770
1.127772
1.182081
1.201430
1.258248
1.285833
1.290051
1.250531
1.201404
1.208596
1.181600
1.177256
1.162362
1.176075
1.118363
1.084282
1.078815
1.121615
1.084547
1.023324
1.022030
1.031913
0.992706
0.987577
0.888455
0.861835
0.722081
0.703238
0.844184
0.890977
0.895008
0.859655
0.907429
0.880757
0.957420
0.954604
0.996334
0.976796
0.876240
0.933742
0.957026
1.404012
0.963248
1.206136
0.973171
1.118382
1.069661
1.026982
1.063338
1.035998
1.026895
0.990948
1.101048
1.085688
1.133803
1.025798
1.044937
1.066738
1.088170
1.102993
1.069554
1.165111
1.140024
1.105293
1.435574
1.280351
1.266364
1.292166
1.286743
1.240298
1.193456
1.174893
1.152156
1.147081
1.166008
1.159019
1.076275
1.052333
0.986701
0.968568
0.907859
0.899629
0.887294
0.867894
0.949393
0.984634
0.961503
1.002831
1.011048
1.017513
0.980313
1.038144
1.066187
1.068650
1.072486
1.149537
1.185758
1.248181
1.193818
1.211298
1.124488
1.070533
1.066033
0.966596
0.961376
0.919069
0.806551
0.916705
1.065014
0.875999
1.011225
1.020661
0.967656
1.091478
1.051561
1.058707
1.087012
0.909923
0.884814
5.835388
4.125711
1.928201
6.006927
4.636735
1.242382
5.230153
5.926084
1.756462
4.574822
5.662869
2.461852
5.979372
10.240648
9.728388
11.813502
16.536974
18.190077
18.821539
23.771935
27.510239
27.338440
30.047203
34.503098
RMSD
Copy/paste all the input until here to the appropriate column.
Groupcount of wildtype is:
453
Groupcount of mutated is:
453
If the two preceding values are not the same than you have OXT (oxygen) and hydrogen atoms either in the end or beginning. Proceed with caution
Overall RMSD is:
5.539343
Please copy paste the value above in the appropriate cell
Thank you.
