The program assumes both pdb files start with the same aminoacid. Please check for hydrogens.
Below are the RMSD values residue by residue
26.968929
24.737438
23.345495
22.046398
16.542631
13.115914
9.221909
5.691148
5.255640
3.296971
4.352166
5.127053
3.430369
1.142498
4.253961
5.902435
4.059102
1.414746
2.205647
1.133444
1.262454
0.982993
0.817030
0.801511
0.771570
0.898939
0.638596
0.789198
0.504470
0.539368
0.423987
1.206488
0.725432
0.213193
0.345510
0.453011
0.582435
0.824095
0.908642
1.324807
1.103441
0.691748
1.236558
2.013746
0.994967
0.930746
1.018221
0.865410
0.744633
0.693924
0.633944
0.513309
0.376249
0.409596
0.273899
0.143188
0.156638
0.270887
0.192465
0.218323
0.266168
0.498141
0.750323
0.461220
0.495274
0.712530
0.623566
0.896465
1.138355
1.102144
1.406854
1.494991
1.831424
1.728019
0.494766
1.852839
2.966160
0.279537
0.993241
0.598228
0.504275
0.323846
0.158222
0.312058
0.529647
0.631256
0.393019
0.574016
0.867379
0.544415
0.597553
0.897524
0.788305
0.681940
0.780345
0.998672
0.884913
0.831544
1.209436
1.252283
1.119153
1.052674
1.080031
1.097744
1.107215
0.917353
0.864609
0.820568
0.465572
0.501183
0.772125
0.925097
0.730544
0.906374
1.157331
1.102985
0.871449
0.885729
0.708379
0.605650
0.502786
0.486942
0.691860
0.701745
0.730712
0.672664
0.589708
0.422788
0.417608
0.446978
0.486465
0.427190
0.513736
0.516324
1.666598
3.875798
2.159143
3.125594
3.409769
2.641537
2.399662
2.868855
2.278654
1.099930
0.363463
0.868466
0.938809
0.856648
0.752044
0.887988
0.812170
0.943326
0.892402
0.747564
0.735895
0.796744
0.825604
0.693484
0.624409
0.726983
0.712178
0.590543
0.634111
0.675345
0.599820
0.546646
0.745210
0.719478
0.670477
0.731390
1.151478
1.092128
1.163568
1.006038
0.990820
1.110706
1.008152
1.149808
0.849823
0.973761
0.976087
0.843649
0.739638
0.775700
0.668448
0.487185
0.500713
0.537553
0.416573
0.266248
0.490246
0.526956
0.419330
0.480407
0.675549
0.636976
0.638143
0.870360
0.910262
0.946676
0.930354
1.007372
1.188302
1.339082
1.269806
1.063964
1.125395
1.383143
1.204157
1.045488
1.258274
1.272587
1.139131
1.223284
1.434549
1.242487
1.158971
1.094828
0.966575
1.037848
0.808122
0.636019
0.971339
0.742603
0.934232
0.959608
0.841035
1.057336
1.187031
1.039162
1.037850
1.249256
1.283355
1.162761
1.233870
1.408926
1.441059
1.453408
1.304579
1.054218
0.902739
0.739025
0.591280
0.559606
0.416191
0.459193
0.336919
0.168625
0.170851
0.365080
0.522452
0.607594
0.276268
0.348160
0.600766
0.622743
0.586127
0.745230
0.888860
0.938760
0.979644
0.808584
0.622116
0.376314
0.424744
0.345379
0.507654
0.578770
0.475939
0.400874
0.531923
0.585594
0.793954
0.441992
0.373953
0.378247
0.377626
0.329742
0.336510
0.205974
0.185868
0.182469
0.380101
0.338816
0.326010
0.402566
0.572792
0.589513
0.558546
0.652149
0.782015
0.931648
0.980528
1.045762
1.210385
1.285756
1.461647
1.500364
1.242362
1.143120
1.317206
1.242821
1.118789
1.033172
1.149919
1.049001
0.864473
1.013888
1.089982
0.872626
0.806273
0.848954
0.977183
1.083356
1.023031
1.221804
1.185576
0.956372
1.017862
1.161550
1.005117
0.860326
1.026882
1.113950
0.911026
0.881338
1.037890
1.010856
0.867767
0.699825
0.967969
1.033183
1.202022
1.313285
1.481070
1.483437
1.800574
1.756843
1.426019
1.457869
1.204731
0.960899
0.956769
0.824276
0.638835
0.564621
0.648445
0.587998
0.372486
0.410083
0.325662
0.527496
0.594026
0.621260
0.753995
0.835387
0.954106
1.107434
1.092533
1.406629
1.284964
1.336760
1.491974
1.418695
1.623476
1.618786
1.473064
1.557536
1.547298
1.755088
1.612297
1.411513
1.335546
1.431358
1.409554
1.374196
1.171164
1.033533
0.751160
1.185131
1.305270
0.800435
0.865654
1.212094
1.259364
1.201385
1.338478
1.419628
1.408527
1.653107
1.531105
1.426189
1.628678
1.717095
1.495650
1.399145
1.681482
1.641876
1.405602
1.453818
1.702411
1.625825
1.429231
1.530661
1.563428
1.357343
1.532438
1.357870
1.397822
1.472400
1.324979
1.215786
1.248382
1.157515
1.196854
1.208385
1.528855
1.025712
0.961721
1.018279
1.018529
1.157677
1.203390
1.367555
1.514897
1.609987
1.721514
7.780273
10.969282
6.631757
4.864605
10.753219
9.046424
2.360905
5.919186
7.694705
2.873805
4.934970
8.436678
4.188188
6.066060
11.225883
9.672929
10.967336
16.793909
17.386557
14.999784
20.550726
23.932434
21.116163
20.534927
20.974873
RMSD
Copy/paste all the input until here to the appropriate column.
Groupcount of wildtype is:
453
Groupcount of mutated is:
452
If the two preceding values are not the same than you have OXT (oxygen) and hydrogen atoms either in the end or beginning. Proceed with caution
Overall RMSD is:
4.136281
Please copy paste the value above in the appropriate cell
Thank you.
