The program assumes both pdb files start with the same aminoacid. Please check for hydrogens.
Below are the RMSD values residue by residue
18.769266
15.642015
11.265575
7.122824
4.463043
6.460152
10.729711
6.977463
4.420599
2.397628
4.937634
2.715683
3.210443
5.305270
5.386605
2.516184
4.019273
1.093897
1.211407
0.824004
0.633920
0.668455
0.604293
0.555981
0.267668
0.265003
0.056375
0.173244
0.314873
0.819073
0.847543
0.638687
0.466301
0.335088
0.249496
0.401890
0.391186
0.677637
0.720035
0.859044
0.945488
1.111242
1.171213
1.223829
1.038915
0.811823
0.764138
0.782208
0.666652
0.503768
0.536605
0.545825
0.433180
0.269224
0.255053
0.370271
0.235038
0.256947
0.414976
0.360961
0.680725
0.687928
0.673456
0.636505
0.632042
0.796924
0.910988
1.093171
1.327779
1.288556
1.539526
1.576997
1.540220
1.854996
0.552035
0.930017
1.064548
0.963068
0.768800
0.715533
0.553398
0.578549
0.472236
0.403794
0.446403
0.555609
0.328797
0.361698
0.593907
0.410373
0.248386
0.523773
0.455954
0.369265
0.537258
0.811907
0.561892
0.412742
0.733990
0.824992
0.696642
0.708368
0.874979
0.827044
0.856717
0.587377
0.631687
0.395192
0.278062
0.195708
0.031401
0.183477
0.311524
0.415711
0.820260
0.709567
0.494774
0.727823
0.387023
0.359727
0.633951
0.809187
0.929319
1.129651
1.285163
1.278816
1.167159
0.977917
1.033354
0.947859
0.649073
0.822123
0.718350
0.519991
0.442048
0.312915
0.477135
0.544431
0.501491
0.467351
0.470007
0.505316
0.376732
0.377105
0.282889
0.319053
0.351533
0.625007
0.814212
0.865998
0.885677
1.049704
1.096100
0.934791
1.124076
1.200113
1.137939
1.027246
1.174851
1.339759
1.207402
1.086471
1.305981
1.374424
1.193528
1.199240
1.469647
1.429619
1.303451
1.329264
1.939299
1.943992
1.952988
1.768686
1.837573
1.857042
1.720707
1.708749
1.495321
1.473211
1.460916
1.218265
1.089443
1.293749
1.103398
0.927462
1.052337
1.198697
1.011491
0.928009
1.219237
1.330889
1.184588
1.266333
1.560608
1.526381
1.542393
1.700814
1.927917
1.930395
1.699002
1.721855
1.910103
2.120620
2.025071
1.850456
2.037666
2.160281
2.084892
1.953105
2.137999
2.196381
1.976882
2.075837
2.281223
2.137777
2.181140
1.969213
1.732615
1.735236
1.386217
1.471346
1.588259
1.485704
1.654342
1.717094
1.548265
1.855335
1.982354
1.780030
1.772656
2.031120
2.079883
1.898376
1.982463
2.229924
2.184850
2.027403
1.926613
1.682345
1.603070
1.429329
1.243213
1.173839
0.965576
0.900708
0.646346
0.435680
0.503194
0.270362
0.510021
0.508914
0.563604
0.739485
0.877906
0.887917
1.039758
1.207519
1.281272
1.368027
1.468858
1.322102
1.187312
0.957088
1.030134
0.918920
1.156965
0.982896
0.854349
0.603942
0.593529
0.666654
0.571635
0.382433
0.513304
0.429050
0.394377
0.269007
0.202830
0.295991
0.533044
0.697788
0.955680
0.996467
0.899893
1.040392
1.270275
1.321432
1.213750
1.312329
1.469670
1.688965
1.686711
1.677373
1.896248
1.990162
2.076729
2.047062
1.786746
1.732354
1.785269
1.666666
1.544110
1.429821
1.437757
1.306782
1.136097
1.219256
1.182951
0.925001
0.878221
0.709787
0.809787
0.749225
0.692822
0.887326
0.986248
0.835151
0.781536
1.094895
1.086540
0.897681
1.057362
1.232050
1.141376
1.044233
1.384438
1.415153
1.317049
1.074402
1.202032
1.449920
1.756280
1.829580
2.116717
2.236107
2.493523
2.409792
2.187656
2.001544
1.906367
1.633331
1.555313
1.328582
1.158766
0.971337
1.172754
1.240962
1.033593
0.917859
1.111889
0.842124
1.061695
1.225571
1.421348
1.371444
1.461302
1.666582
1.713262
1.930099
1.728899
1.653315
1.881094
1.891776
1.969427
2.028679
1.778780
1.783001
1.650181
1.707586
1.633840
1.512087
1.356757
1.436135
1.519868
1.331945
1.091543
0.844854
0.662999
0.726593
0.796333
1.064335
1.173728
1.373676
1.534962
1.544370
1.649301
1.852749
1.883734
2.052211
1.969946
1.854684
2.175711
2.187526
2.038124
1.777222
1.976068
1.825935
1.648898
1.677400
1.810937
1.655527
1.430139
1.520689
1.445098
1.214440
1.141127
1.054522
1.102894
1.175409
1.278499
1.267656
1.503151
1.552005
1.663867
1.756072
2.074890
1.727495
1.518780
1.390631
1.245828
1.258333
1.130582
1.366139
1.381124
1.416773
1.570954
6.884281
8.536930
3.068350
5.201424
8.228223
3.784634
3.286791
7.224944
3.777668
4.676674
9.502949
11.602581
10.178154
13.917053
18.035152
18.830441
19.513796
24.509405
28.141592
25.919687
30.159109
35.196896
34.820904
32.549500
32.660526
RMSD
Copy/paste all the input until here to the appropriate column.
Groupcount of wildtype is:
453
Groupcount of mutated is:
453
If the two preceding values are not the same than you have OXT (oxygen) and hydrogen atoms either in the end or beginning. Proceed with caution
Overall RMSD is:
4.999398
Please copy paste the value above in the appropriate cell
Thank you.
