The program assumes both pdb files start with the same aminoacid. Please check for hydrogens.
Below are the RMSD values residue by residue
21.358389
15.436666
14.577942
10.274713
9.427945
8.950850
7.216028
8.191533
8.462005
4.754297
7.022608
8.337206
5.870259
6.353788
8.303930
7.002286
9.182829
5.472629
1.336807
0.850022
0.754057
0.833004
0.809560
0.849349
0.630573
0.647756
0.639130
0.530326
0.570947
0.863451
0.808246
0.759708
0.739243
0.868809
0.967278
1.200742
1.236384
1.422476
1.535381
1.739785
1.762933
2.025303
2.155270
2.139232
2.093896
1.939737
1.827776
1.861515
1.811477
1.666478
1.543609
1.547617
1.498963
1.320259
1.247245
1.380923
1.229700
0.913175
1.092391
1.186279
1.375427
1.529123
1.608971
1.399177
1.481817
1.585124
1.840742
1.982970
2.133711
2.054879
2.270077
2.270257
2.157982
2.670944
1.736734
1.825080
1.936210
1.785141
1.640968
1.507013
1.342996
1.314659
1.135708
0.924439
0.691088
0.781891
0.824616
0.590938
0.433798
0.671262
0.748000
0.661073
0.747642
1.036772
1.085280
0.989923
1.051919
1.266700
1.287541
1.245917
1.340467
1.498093
1.551502
1.511301
1.477308
1.328762
1.274156
1.117994
1.057474
0.889173
0.713893
0.659537
0.775997
0.685470
0.727119
0.893796
0.942661
1.130043
0.998990
1.039916
1.226454
1.339203
1.508876
1.557330
1.608724
1.572131
1.567025
1.316318
1.304396
1.304866
0.881805
1.109764
0.814952
0.740752
1.249404
1.466707
1.158292
1.179549
0.784347
1.938516
2.146295
1.602094
1.627892
2.172883
1.495227
0.681064
0.219660
0.459562
0.456376
0.652929
0.701172
0.798465
0.847634
0.656724
0.774339
0.834613
0.818892
0.702283
0.868032
1.051206
0.974863
0.864833
1.052510
1.171567
1.150398
1.181492
1.399629
1.429335
1.502845
1.679628
1.700682
1.831845
1.932041
1.615072
1.573303
1.554316
1.389529
1.255843
1.124079
1.022311
0.895166
0.755571
0.774490
0.824074
0.676454
0.566095
0.706271
0.743558
0.610523
0.617414
0.833747
0.867146
0.780788
0.969268
1.075831
0.930001
1.139822
1.354602
1.473925
1.488336
1.425854
1.462814
1.657107
1.835835
1.803515
1.575699
1.635165
1.802622
1.719172
1.587486
1.655426
1.757244
1.618407
1.527189
1.659649
1.822483
1.566891
1.478655
1.339596
1.246846
0.962034
0.845493
1.164962
1.116333
1.321307
1.426360
1.413853
1.630256
1.740118
1.615619
1.696356
1.914098
1.903661
1.848133
1.993316
2.132472
2.077808
2.015366
1.992517
1.784313
1.686820
1.489370
1.361929
1.186014
1.016015
0.840039
0.661470
0.734284
0.848492
0.713887
0.881967
0.910993
0.958341
1.041507
1.169171
1.246104
1.330436
1.446909
1.625435
1.655715
1.627907
1.507505
1.333390
1.137795
1.064174
0.898716
1.068847
0.774341
0.683634
0.463652
0.399872
0.411517
0.353945
0.265117
0.245108
0.404500
0.427893
0.463860
0.492187
0.543526
0.641712
0.625393
0.778207
0.780646
0.830446
1.019945
1.117616
1.105073
1.092520
1.227724
1.374859
1.498697
1.591542
1.654390
1.815306
1.950726
2.095922
2.077956
1.820014
1.797709
1.868173
1.766945
1.651434
1.658614
1.669814
1.505211
1.419101
1.551218
1.524802
1.301517
1.347445
1.246188
1.247236
1.120535
1.004138
1.114975
1.242516
1.137602
1.062219
1.217445
1.257259
1.054741
1.152191
1.329244
1.247280
1.137330
1.317682
1.420876
1.320203
1.096890
1.201952
1.407889
1.558612
1.665438
1.862805
2.036547
2.347366
2.359033
2.062402
1.809955
1.634116
1.435989
1.432400
1.264556
1.109429
0.961388
1.071749
1.021192
0.849112
0.838629
0.714628
0.809619
0.925558
1.111342
1.177502
1.214032
1.306104
1.590783
1.557550
1.932137
1.689806
1.570262
1.720130
1.764023
1.851549
1.942776
1.834685
1.860919
1.677408
1.709751
1.609526
1.526380
1.464983
1.508479
1.481470
1.279027
1.243203
0.892347
0.760896
0.769463
0.966038
0.929214
1.189355
1.346944
1.441414
1.473369
1.610999
1.728789
1.827044
2.078577
2.026180
1.926894
2.107171
2.127726
1.910099
1.915971
2.063243
1.949202
1.797836
1.892883
1.979997
1.793803
1.680795
1.840787
1.754957
1.518585
1.521262
1.513890
1.577376
1.727361
1.761437
1.716743
1.885266
1.905345
2.414085
1.968129
2.355032
2.073662
2.188147
1.834374
1.685212
1.776138
1.836020
2.018170
1.873139
1.962268
1.756209
1.803891
6.981506
7.382260
4.094888
3.630626
4.469973
5.593486
6.506726
4.026537
4.967997
10.756588
11.832294
9.163160
12.937734
18.526417
18.910576
19.169828
24.485430
27.865696
27.763826
31.896420
36.454922
38.471291
39.230274
43.813438
RMSD
Copy/paste all the input until here to the appropriate column.
Groupcount of wildtype is:
453
Groupcount of mutated is:
453
If the two preceding values are not the same than you have OXT (oxygen) and hydrogen atoms either in the end or beginning. Proceed with caution
Overall RMSD is:
5.549483
Please copy paste the value above in the appropriate cell
Thank you.
