The program assumes both pdb files start with the same aminoacid. Please check for hydrogens.
Below are the RMSD values residue by residue
41.976135
41.022717
40.259052
39.098885
34.052662
34.117439
31.096285
27.448334
22.881113
19.159502
18.515381
16.444666
11.623986
7.801894
7.167714
8.258625
5.274583
3.954840
1.789095
2.178622
2.016687
1.991698
1.794446
1.909092
1.910350
1.970704
1.970747
1.953023
1.963014
1.900612
2.188165
1.575944
1.651233
1.956174
1.922909
1.874165
1.782952
1.787450
1.566623
1.887635
1.299610
1.539362
1.440669
1.587600
1.347762
1.536025
1.569429
1.603599
1.646781
1.667475
1.677083
1.692988
1.689807
1.763634
1.734875
1.710347
1.895541
1.767101
1.881193
1.829513
1.751880
1.854897
1.869421
1.842560
1.726507
1.722164
1.547247
1.444028
1.291606
1.279852
1.592316
1.525623
1.653023
1.605163
0.648026
1.648788
2.316777
1.483893
1.604240
1.671255
1.828883
1.810652
1.796844
2.123643
1.886692
1.810288
1.967496
1.985445
1.793315
2.042000
1.812215
1.869519
1.826013
1.834999
1.860610
1.827398
1.738770
1.716151
1.760767
1.770488
1.715067
1.616270
1.574443
1.556460
1.736316
1.771799
1.793236
1.853161
1.882239
2.133303
1.707962
2.384267
2.136574
2.116827
1.979112
1.928215
1.887516
1.943372
1.914068
1.834918
1.826382
1.739254
1.721891
1.618789
1.637920
1.688821
1.838957
1.756177
1.818873
2.027926
2.062177
1.702216
1.801853
2.023227
2.441994
1.997038
1.343720
1.584251
2.189499
2.467295
1.580476
0.992188
0.782366
1.653570
2.069814
2.137226
1.962519
1.946177
2.309158
2.063262
2.136940
2.110535
2.041417
2.003080
2.153445
2.079172
1.838678
1.968213
2.068934
1.938714
1.846785
1.937757
1.923064
1.818022
1.834490
1.950902
1.924065
1.700053
1.749877
1.617587
1.683389
1.599801
1.591141
1.687178
1.647983
1.626883
1.707807
1.607926
1.649181
1.699128
1.627382
1.731196
1.643289
1.640536
1.614899
1.672660
1.618593
1.547851
1.668883
1.570437
1.540032
1.549400
1.594669
1.567359
1.489915
1.407359
1.552440
1.519713
1.371713
1.423144
1.593735
1.527573
1.509983
1.476979
1.459113
1.471636
1.401322
1.406677
1.386466
1.405693
1.396352
1.341292
1.459198
1.653069
1.412770
1.245769
1.445172
1.282313
1.467304
1.508605
1.527496
1.551909
1.533273
1.540782
1.558928
1.555871
1.602648
1.562175
1.547580
1.579360
1.566682
1.496039
1.480760
1.519354
1.473203
1.425380
1.467523
1.620628
1.556481
1.546950
1.592870
1.660925
1.672958
1.694893
1.834499
1.870747
1.931136
1.914244
1.935157
1.915953
1.931343
1.814955
1.859659
1.810735
1.820251
1.787035
1.736010
1.690377
1.662552
1.734587
1.682790
1.716701
1.707863
1.705796
1.779987
1.714323
1.677507
1.711284
1.778034
1.884798
1.908190
1.868872
1.930604
1.898319
1.681353
1.715317
1.827755
1.863425
2.080642
2.046489
1.861610
1.709704
1.653336
1.693946
1.755615
1.657900
1.597631
1.616241
1.649065
1.653607
1.556954
1.535226
1.541198
1.595537
1.514180
1.493667
1.562897
1.558326
1.581152
1.553411
1.606994
1.609287
1.692431
1.613411
1.653838
1.759243
1.729660
1.675041
1.750511
1.786682
1.765999
1.804061
1.842866
1.873461
1.897162
1.935591
1.899980
1.830886
1.895669
1.869853
1.839375
1.849395
1.879444
1.851372
1.782411
1.831047
1.837106
1.785383
1.684709
1.765656
1.790465
1.705483
1.712755
1.622638
1.634937
1.424493
1.492049
1.534992
1.487830
1.618868
1.597445
1.604767
1.602735
1.687374
1.689622
1.714518
1.682686
1.630917
1.683193
1.752802
1.799608
1.581600
1.823981
1.732508
1.709511
1.855769
1.763903
1.772571
1.743493
1.773935
1.755941
1.818270
1.840416
1.924849
1.774192
1.760019
1.718734
1.823251
1.809986
1.713825
1.847732
1.832293
1.821490
1.977269
2.006893
2.019900
2.076277
1.998915
2.167570
1.857852
2.159940
1.870268
2.011806
2.037119
1.938664
1.824901
1.759815
1.742743
1.639830
1.657178
1.605049
1.589561
1.587422
1.645873
1.653017
1.660919
1.675745
1.702905
1.690342
1.635231
1.714415
1.807367
1.766568
1.753995
1.803846
1.826575
1.852128
1.860896
1.999147
1.730646
1.738552
1.718632
1.610092
1.573298
1.428150
1.393026
1.558748
1.306894
1.421783
1.621950
1.653465
1.587858
1.649373
1.588676
1.759040
1.836067
1.815882
7.625635
10.890599
6.343329
4.174699
9.957554
8.035570
2.249227
6.138905
5.944732
2.462822
7.777234
10.760454
9.736511
13.009701
17.452953
19.584154
21.015976
25.298414
28.545275
29.488335
33.434422
37.176357
39.391430
40.212410
42.696877
RMSD
Copy/paste all the input until here to the appropriate column.
Groupcount of wildtype is:
453
Groupcount of mutated is:
452
If the two preceding values are not the same than you have OXT (oxygen) and hydrogen atoms either in the end or beginning. Proceed with caution
Overall RMSD is:
7.527834
Please copy paste the value above in the appropriate cell
Thank you.
