The program assumes both pdb files start with the same aminoacid. Please check for hydrogens.
Below are the RMSD values residue by residue
31.878313
29.438044
31.440716
29.243204
26.703089
25.265175
18.733925
17.123226
17.102114
16.552425
14.420915
12.006489
10.977612
8.036352
6.213882
5.374625
3.686956
1.715783
1.491712
0.798949
1.010241
0.876523
0.884077
0.839076
0.870684
0.972989
0.935214
0.922901
0.946239
0.794259
0.856259
1.022258
0.929662
0.939513
1.128576
1.240775
1.310612
1.346646
1.469006
1.606124
1.535276
1.853704
1.992352
2.390208
2.214936
1.914080
1.874973
1.733809
1.712539
1.703517
1.608695
1.566095
1.622982
1.592428
1.410810
1.440125
1.553412
1.406459
1.316708
1.316926
1.300383
1.404769
1.269525
1.237896
1.293985
1.381966
1.358122
1.321950
1.460145
1.489081
1.534989
1.510567
1.658720
1.769531
1.429293
1.415621
1.599926
1.404831
1.347450
1.237625
1.238755
1.149546
1.090435
1.067425
1.129486
1.118430
1.216457
1.258973
1.237078
1.332230
1.342826
1.517895
1.613308
1.602922
1.604600
1.725145
1.729084
1.702530
1.777504
1.909585
1.923555
1.875307
1.864008
1.711769
1.610277
1.482855
1.406229
1.316640
1.223997
1.173723
1.030469
1.087070
1.085077
1.205486
1.186746
1.307136
1.282054
1.275295
1.125637
1.080343
1.063522
1.051329
1.107199
1.108257
0.988690
0.967577
1.105386
0.883264
0.870066
1.045057
0.789110
0.846856
0.522997
0.694371
1.204551
1.522260
1.186842
1.518244
1.075179
1.879907
2.077463
1.743523
1.686993
2.275586
1.638845
0.701100
0.749145
0.787490
0.846825
1.043503
0.783166
0.773146
0.791489
0.657903
0.661593
0.596796
0.571600
0.622220
0.556270
0.578391
0.566556
0.553048
0.530678
0.577747
0.626857
0.642139
0.697849
0.689193
0.798738
0.732892
1.004558
0.893034
0.859218
0.837386
0.791550
0.808890
0.770956
0.667144
0.738210
0.809974
0.905951
0.856535
0.708408
0.716946
0.675289
0.663944
0.604078
0.656885
0.642342
0.526687
0.516020
0.584294
0.483907
0.431713
0.512069
0.411834
0.407354
0.446856
0.470193
0.382301
0.443616
0.529733
0.666839
0.799923
0.844233
0.715746
0.703110
0.881070
0.860993
0.796410
0.895751
0.913960
0.851574
0.923755
1.039977
0.858786
1.074265
0.924321
0.767213
0.799639
0.765091
0.457682
0.776995
0.672618
0.739877
0.785444
0.730292
0.819335
0.895908
0.833595
0.877755
0.962608
1.003816
0.935141
1.010515
1.137865
1.097202
1.075727
1.080964
0.942194
0.863107
0.786024
0.713259
0.654305
0.632105
0.623393
0.655446
0.709572
0.799589
0.802627
0.843315
0.875892
0.849237
0.842921
0.907872
0.958613
0.911887
0.932407
1.050807
1.038059
0.975703
0.915020
0.772693
0.653586
0.710806
0.490633
0.547011
0.522651
0.541982
0.580754
0.648832
0.690253
0.884622
0.718823
0.565979
0.667428
0.674547
0.580783
0.647771
0.579834
0.565033
0.461584
0.481108
0.476148
0.485774
0.512298
0.554919
0.523080
0.499082
0.625311
0.663122
0.702730
0.759686
0.835166
0.906188
0.959816
1.064179
1.060642
0.964478
0.985738
1.088476
1.030091
1.046616
1.032426
1.070920
1.030869
1.010931
1.100440
1.121550
1.068790
1.116860
1.175358
1.176740
1.200348
1.126173
1.179407
1.164966
1.067993
1.002182
1.069113
1.009782
0.906361
0.922002
0.989303
0.849035
0.766379
0.787625
0.833629
0.762454
0.657164
0.670110
0.757244
0.763214
0.821702
0.884631
0.954643
1.179960
1.148413
0.825128
0.848946
0.670455
0.606701
0.638127
0.622962
0.541754
0.502230
0.492339
0.373147
0.375619
0.432725
0.482410
0.747765
0.669541
0.473392
0.491609
0.607269
0.631318
0.641531
0.702141
0.840186
0.886892
0.875181
0.949509
1.026956
1.078161
1.132873
1.070828
1.125874
1.133171
1.198049
1.137259
1.096607
1.102668
1.122684
1.070804
1.016867
0.988518
0.779424
0.676827
0.675906
0.719264
0.664196
0.754877
0.876422
0.877391
0.871690
0.943833
0.917304
0.986439
1.088399
1.044353
1.022379
1.159630
1.192536
1.094920
1.112853
1.304093
1.217552
1.152678
1.217973
1.305477
1.267182
1.242525
1.314947
1.348781
1.248527
1.390062
1.377253
1.501015
1.454232
1.355525
1.316688
1.214928
1.199888
1.212383
1.141424
1.247115
1.304515
1.088585
1.207358
1.204741
1.311643
1.395782
1.465134
1.528592
1.509685
1.744925
3.379494
6.749292
5.227888
1.609574
4.348072
5.535054
3.549350
4.471476
5.062442
2.372500
5.693724
8.261636
6.290967
4.492424
10.380260
12.267485
10.268172
12.539757
16.758179
16.737814
15.395629
18.207909
20.591686
18.904722
18.443926
RMSD
Copy/paste all the input until here to the appropriate column.
Groupcount of wildtype is:
453
Groupcount of mutated is:
453
If the two preceding values are not the same than you have OXT (oxygen) and hydrogen atoms either in the end or beginning. Proceed with caution
Overall RMSD is:
4.823593
Please copy paste the value above in the appropriate cell
Thank you.
