The program assumes both pdb files start with the same aminoacid. Please check for hydrogens.
Below are the RMSD values residue by residue
5.887362
6.135247
7.095352
2.721872
2.085928
3.773430
6.306990
4.638184
7.701094
5.472855
4.130977
1.411930
1.578389
4.994351
6.268749
6.198539
5.239447
1.532635
0.911471
0.279137
0.424901
0.653255
0.484411
0.500291
0.331012
0.363573
0.192707
0.088874
0.051614
0.504185
0.351729
0.118679
0.129309
0.092715
0.120062
0.195967
0.215971
0.407252
0.356183
0.475679
0.358383
0.452454
0.446391
0.471820
0.377506
0.410729
0.319288
0.314862
0.272546
0.219195
0.200229
0.208939
0.177806
0.097234
0.077122
0.156552
0.160756
0.171909
0.194386
0.119954
0.270645
0.362071
0.368854
0.270034
0.276417
0.400811
0.396093
0.484461
0.630449
0.619543
0.777631
0.788249
0.627505
0.716516
0.708800
0.290694
0.448216
0.577253
0.327638
0.394949
0.242261
0.242367
0.179689
0.091107
0.072391
0.107604
0.068041
0.104765
0.281306
0.213258
0.183937
0.299102
0.229267
0.142098
0.210721
0.234246
0.248311
0.254456
0.404431
0.392831
0.292403
0.271604
0.366535
0.368018
0.382087
0.299484
0.381918
0.229854
0.172524
0.154700
0.091618
0.122766
0.292775
0.332266
0.481238
0.512988
0.298227
0.385959
0.262545
0.233026
0.307955
0.349001
0.414571
0.461257
0.473949
0.427576
0.515822
0.356204
0.356280
0.406433
0.160027
0.344809
0.181177
0.182688
1.126656
1.374122
1.150843
1.323342
0.589629
1.833586
2.182589
1.671871
1.640021
2.219090
1.645973
0.301766
0.254538
0.358162
0.483741
0.787210
0.629605
0.762308
0.659813
0.384825
0.414394
0.457969
0.455119
0.406437
0.406291
0.463729
0.427942
0.337261
0.388146
0.420929
0.405627
0.374051
0.478112
0.495691
0.389599
0.535417
0.481722
0.640179
0.815632
0.697451
0.671511
0.735596
0.676905
0.830843
0.634162
0.723524
0.834946
0.659038
0.494433
0.622844
0.570587
0.465421
0.513649
0.599443
0.555100
0.471229
0.581647
0.666543
0.710361
0.594789
0.782794
0.767988
0.754218
0.833555
0.859689
0.885976
0.771814
0.858898
0.969768
1.027284
0.993198
0.929321
1.006288
1.108627
1.037741
0.965461
1.116149
1.003492
0.953044
1.018840
1.256568
0.874269
1.150528
0.978748
0.846843
0.846629
0.728485
0.787621
0.745915
0.670730
0.739064
0.750685
0.632635
0.721444
0.841135
0.775804
0.714809
0.829025
0.925030
0.801230
0.802404
0.913636
0.933210
0.859027
0.760676
0.685223
0.637300
0.568205
0.505630
0.431112
0.359139
0.325993
0.216901
0.329029
0.169516
0.232299
0.407736
0.345677
0.295753
0.400398
0.461179
0.450093
0.468177
0.568058
0.592771
0.593452
0.633916
0.542357
0.478870
0.354048
0.482721
0.363000
0.497556
0.368740
0.331352
0.212189
0.248807
0.300970
0.378352
0.166188
0.168099
0.169749
0.173941
0.240111
0.227031
0.259189
0.243397
0.278441
0.387656
0.460817
0.424790
0.439533
0.567707
0.642899
0.618438
0.637346
0.684528
0.813822
0.820204
0.750785
0.850574
0.908153
0.926202
0.943968
0.847909
0.807054
0.842426
0.808953
0.745546
0.671020
0.704188
0.676175
0.586582
0.619708
0.641015
0.506009
0.482228
0.432823
0.509186
0.492915
0.511925
0.592534
0.631309
0.562864
0.531924
0.677406
0.663604
0.573740
0.664067
0.727416
0.678774
0.693124
0.771248
0.784268
0.722299
0.638524
0.722500
0.781911
0.914026
0.872701
1.076066
1.089091
1.234474
1.008834
1.048544
0.995750
0.913557
0.833318
0.834280
0.736201
0.661542
0.594097
0.676856
0.690185
0.580971
0.532305
0.664426
0.572962
0.483360
0.627185
0.783932
0.771735
0.671495
0.905938
0.953749
0.981281
0.837886
0.794174
0.805105
0.828970
0.939334
0.985455
0.969326
0.817956
0.886693
0.936531
0.786612
0.827043
0.771469
0.853761
0.863982
0.730146
0.676835
0.513306
0.465747
0.530015
0.584845
0.551538
0.694272
0.750101
0.816343
0.798565
0.886476
0.943710
0.948310
1.004834
0.969555
0.914387
1.002555
1.014511
0.921341
0.869808
0.952558
0.955770
0.827230
0.815959
0.893346
0.876517
0.754249
0.755492
0.769181
0.705436
0.687102
0.694937
0.618335
0.623804
0.649900
0.633871
0.679537
0.669293
0.692799
0.651235
0.687897
0.727610
0.532261
0.581170
0.555460
0.628243
0.604854
0.689641
0.696501
0.827028
0.966792
4.794921
4.677233
4.131566
5.619372
7.967254
6.485798
4.511490
6.863350
9.222614
7.810982
4.288450
3.571451
2.558961
6.200358
7.813746
8.255556
7.142876
13.519285
16.568184
15.588543
18.186829
24.061148
26.206015
24.669685
28.280153
RMSD
Copy/paste all the input until here to the appropriate column.
Groupcount of wildtype is:
453
Groupcount of mutated is:
453
If the two preceding values are not the same than you have OXT (oxygen) and hydrogen atoms either in the end or beginning. Proceed with caution
Overall RMSD is:
3.330080
Please copy paste the value above in the appropriate cell
Thank you.
