The program assumes both pdb files start with the same aminoacid. Please check for hydrogens.
Below are the RMSD values residue by residue
18.700653
18.003643
21.422554
17.858341
11.697828
8.621957
2.563986
2.386313
2.422526
2.419820
2.276274
4.000023
4.415597
2.984999
3.202442
5.090115
4.139985
1.534661
1.972105
1.219558
1.311602
1.202011
1.063398
0.944227
0.731708
0.753861
0.532731
0.369013
0.353846
0.563162
0.252160
1.233976
0.788691
0.828518
0.815698
1.087490
1.164685
1.387939
1.675057
1.862241
1.680818
2.203614
2.277285
2.462328
2.364547
2.205328
2.014904
2.021338
1.966859
1.796609
1.650052
1.671615
1.651089
1.458515
1.290857
1.440749
1.510704
1.030836
1.212974
1.147587
1.349055
1.614017
1.752380
1.439227
1.457712
1.710585
1.799018
1.918522
2.188126
2.150391
2.248507
2.325392
2.644376
2.835222
2.868642
1.981846
2.139284
1.839820
1.675864
1.459369
1.317720
1.153499
0.904103
0.942157
0.485531
0.776953
0.747670
0.543146
0.420929
0.752119
0.713950
0.727533
0.805839
1.091390
1.137256
1.106597
1.227126
1.395337
1.464707
1.472510
1.498892
1.587555
1.632271
1.575546
1.628183
1.377306
1.269794
1.021338
0.938301
0.870485
0.338636
0.927412
0.733358
0.705918
0.767252
0.919760
0.832715
1.070827
0.890986
0.930789
0.985202
1.084483
1.396908
1.410481
1.379329
1.334896
1.251297
1.023123
0.987930
1.017128
0.969229
0.668290
0.255075
0.276605
2.431524
2.865488
2.462942
2.083848
1.073638
2.340250
2.444101
2.296086
2.580162
2.020642
0.937042
1.041599
1.076093
0.859270
0.841458
1.001714
0.831190
0.974926
0.851518
0.655966
0.721115
0.814054
0.767102
0.654365
0.686136
0.812784
0.727669
0.639213
0.798007
0.881992
0.823623
0.813549
1.052572
1.055280
1.141324
1.290797
1.687338
1.538130
1.527900
1.275153
1.200737
1.225096
1.032413
1.047532
0.679205
0.747441
0.674079
0.540782
0.470611
0.476742
0.379449
0.335476
0.353945
0.421556
0.443419
0.434886
0.598316
0.727338
0.791489
0.843575
0.877957
1.132875
1.158112
1.269304
1.387740
1.538381
1.478350
1.478057
1.665860
1.814710
1.698228
1.448365
1.514766
1.692486
1.534697
1.320855
1.439504
1.491041
1.320428
1.320194
1.477738
1.389586
1.268270
1.095205
0.986663
0.935702
0.706166
0.496507
0.766703
0.636404
0.945615
1.020958
1.026930
1.272394
1.380179
1.250716
1.327385
1.573452
1.590361
1.525474
1.654499
1.900439
1.865677
1.853052
1.754022
1.497324
1.368446
1.111065
0.951243
0.822268
0.689646
0.605635
0.499023
0.384352
0.485966
0.527937
0.807990
0.805768
0.719979
0.784495
1.028343
1.061278
1.061267
1.216080
1.379435
1.469810
1.407421
1.254087
1.047449
0.752617
0.741759
0.514038
0.588647
0.535159
0.415916
0.424422
0.444339
0.447060
0.767379
0.638488
0.599754
0.645899
0.741396
0.632263
0.635028
0.489707
0.499263
0.401919
0.487364
0.537930
0.630178
0.670480
0.803557
0.856567
0.914149
1.011104
1.061082
1.272401
1.418459
1.451542
1.565171
1.730019
1.946084
1.981938
1.718237
1.612197
1.828915
1.751819
1.566565
1.537395
1.630995
1.475895
1.320151
1.468310
1.496792
1.240824
1.212884
1.166763
1.246752
1.197489
1.091277
1.361343
1.434861
1.177689
1.251037
1.438532
1.355648
1.189332
1.391895
1.543756
1.319885
1.304017
1.497648
1.501028
1.287646
1.173907
1.443110
1.575785
1.794809
1.912509
2.091599
2.201823
2.426886
2.505039
2.182917
2.146535
1.840015
1.539213
1.434951
1.289028
1.072161
1.021290
1.190749
0.991788
0.875675
0.908667
0.721428
1.225372
1.264103
1.257528
1.478545
1.590979
1.641938
1.801710
1.930057
2.298904
2.126014
2.064289
2.188024
2.153439
2.270460
2.255630
2.049725
2.108178
2.021008
2.106929
2.050890
1.880033
1.716887
1.783222
1.830139
1.759457
1.628972
1.438322
1.214988
1.641170
1.860155
1.412417
1.465471
1.846807
1.871413
1.809926
1.909594
2.025154
2.008917
2.258289
2.129030
1.960293
2.177748
2.286634
2.028867
1.936804
2.206775
2.164555
1.877854
1.949606
2.228316
2.035873
1.852710
1.978900
1.925676
1.663822
1.732711
1.610412
1.744938
1.713295
1.832083
1.776886
1.828570
1.755636
1.849050
1.853381
2.195854
1.809999
1.604147
1.693034
1.648070
1.776265
1.751688
1.898151
2.029574
2.109006
2.256266
5.621418
10.548001
10.771752
6.133165
5.562677
7.073505
7.513445
6.576228
7.019835
5.631895
9.670708
12.588226
12.617600
11.051058
16.995222
20.646269
17.918905
19.114004
25.501616
26.847326
25.438526
30.334366
35.342049
33.775650
38.532097
RMSD
Copy/paste all the input until here to the appropriate column.
Groupcount of wildtype is:
453
Groupcount of mutated is:
452
If the two preceding values are not the same than you have OXT (oxygen) and hydrogen atoms either in the end or beginning. Proceed with caution
Overall RMSD is:
5.144261
Please copy paste the value above in the appropriate cell
Thank you.
