The program assumes both pdb files start with the same aminoacid. Please check for hydrogens.
Below are the RMSD values residue by residue
9.222843
8.339238
10.622083
11.844842
8.896144
7.602337
13.922664
16.612560
20.635128
19.813103
14.510589
12.934497
15.125560
14.399668
10.829523
9.125228
10.369556
6.819656
2.045089
2.394843
1.709466
1.748516
1.258457
1.475639
1.324136
1.417827
1.172671
1.132057
1.018417
0.855237
0.749587
0.561466
0.676086
0.677327
0.878423
1.095894
1.424855
1.698751
2.048116
2.328924
2.508108
2.788634
2.851827
2.927542
3.176196
2.615547
2.473507
2.249798
2.100767
2.002177
1.793998
1.578476
1.510906
1.411576
1.155386
1.083130
0.943015
0.786100
0.610893
0.686982
0.779278
1.132569
1.267830
0.946060
1.257135
1.590126
1.995326
2.403088
2.561057
2.650217
2.633888
2.912318
3.342530
3.522234
3.290911
2.948699
2.478499
2.167564
1.903076
1.363695
1.155823
0.731275
0.625120
0.499840
0.626539
0.481537
0.547294
0.882644
0.978265
0.936758
1.119088
1.414879
1.427798
1.386041
1.621909
1.866735
1.825872
1.956278
2.218533
2.401970
2.337171
2.319801
2.554296
2.436165
2.447814
2.092299
1.898671
1.605345
1.359630
1.209599
1.080402
1.318316
1.564639
1.856330
2.201967
2.218101
1.803204
1.712731
1.531169
1.207853
1.132538
1.036228
1.400621
1.387860
1.255575
1.094393
0.702217
0.695877
0.497098
0.179153
0.219260
0.230160
0.361086
0.587271
0.866426
1.397587
1.524676
0.406971
1.377870
1.841187
1.365160
1.041907
0.911332
0.827902
0.908730
1.537727
1.601523
1.726275
1.928131
2.322401
2.188101
2.252531
2.125645
1.743451
1.753211
1.896282
1.614510
1.319197
1.539326
1.543444
1.159398
1.055091
1.280040
1.215656
0.765025
0.779227
1.032289
0.909738
0.959914
1.041571
1.594203
1.439815
1.427972
1.236333
1.432997
1.515388
1.541294
1.779808
1.545298
1.691468
1.714035
1.524734
1.274030
1.292516
1.262786
1.002473
0.864314
0.940533
0.778419
0.554604
0.639769
0.713423
0.522662
0.440369
0.764323
0.769471
0.812472
1.034269
1.345684
1.350206
1.242001
1.281968
1.590005
1.799690
1.768249
1.412172
1.474486
1.797268
1.628297
1.345096
1.575363
1.779446
1.457112
1.450579
1.861767
1.998095
1.405287
1.487251
1.224685
1.270418
1.098105
1.370677
1.420521
1.172153
1.192813
1.249391
1.096086
1.347057
1.494031
1.276604
1.287439
1.641649
1.675697
1.539970
1.715477
1.994484
1.919151
1.876083
1.812556
1.467089
1.259197
0.870465
0.687144
0.587826
0.373633
0.655405
0.669167
0.772383
0.666358
0.975100
1.137574
1.123639
0.868764
0.760690
1.141093
1.135943
0.949460
1.222885
1.486458
1.426692
1.405120
1.026672
0.811228
0.518776
0.379920
0.410562
0.738711
0.873945
0.850470
0.918684
1.264642
1.326543
1.404364
1.228145
0.899821
0.688432
0.920899
0.814169
1.123674
0.880121
0.464281
0.478051
0.540600
0.469425
0.358927
0.470589
0.670250
0.612335
0.684988
0.821034
0.979944
1.193195
1.339673
1.366289
1.590988
1.822300
2.057614
2.125344
1.809136
1.719032
1.986626
1.952505
1.512753
1.664657
1.969426
1.764068
1.513350
1.776645
1.947903
1.676220
1.607011
1.669775
1.877907
1.994085
1.866914
2.174918
2.077495
1.763967
1.861610
2.162903
1.838745
1.576328
1.830822
1.894325
1.496279
1.439328
1.772733
1.640175
1.287147
1.141205
1.330371
1.587680
1.736936
1.947715
2.198294
2.320704
2.568408
2.623931
2.187155
1.953433
1.579028
1.424382
1.385069
1.201795
0.853459
0.820474
0.913588
0.862248
0.523523
0.685784
0.768302
0.829728
1.033957
0.953680
0.977722
1.346093
1.494763
1.526200
1.615344
1.872084
1.890235
1.999014
2.242220
2.273048
2.508746
2.568736
2.427484
2.781971
2.513066
2.757076
2.768843
2.435524
2.286084
2.600378
2.382425
2.359551
2.057324
1.929739
1.575977
1.631742
1.416349
1.481813
1.751840
2.061061
2.121703
1.940729
2.114861
2.174681
2.235671
2.489404
2.339231
2.154438
2.433950
2.584808
2.283564
2.322564
2.642237
2.609614
2.351203
2.483716
2.743216
2.553159
2.392359
2.676120
2.739707
2.435493
2.495683
2.283364
2.368342
2.334868
2.368266
2.122448
2.131918
1.965703
2.210508
2.278828
1.935433
2.331918
1.857850
1.699428
1.758150
2.193124
2.110378
2.519730
2.673711
2.843230
3.361476
3.396647
8.170574
5.394740
6.382261
11.081858
13.315445
11.165969
14.217824
17.990461
17.027035
16.077511
19.718958
20.844580
17.903595
18.360546
21.475969
19.527525
17.273626
20.790447
20.653473
17.902998
20.091507
22.560612
20.848679
18.433296
RMSD
Copy/paste all the input until here to the appropriate column.
Groupcount of wildtype is:
453
Groupcount of mutated is:
453
If the two preceding values are not the same than you have OXT (oxygen) and hydrogen atoms either in the end or beginning. Proceed with caution
Overall RMSD is:
5.000232
Please copy paste the value above in the appropriate cell
Thank you.
