The program assumes both pdb files start with the same aminoacid. Please check for hydrogens.
Below are the RMSD values residue by residue
3.731488
4.613048
4.234588
2.659251
2.242897
2.989747
2.698635
5.277894
5.546075
5.102162
6.068643
6.549435
5.535071
5.278191
6.934633
5.657925
3.235448
2.705480
2.096159
1.296715
1.104505
1.011698
0.835053
0.767822
0.671194
0.730630
0.564221
0.688362
0.807995
0.913308
0.426616
1.851022
0.810125
0.543245
0.468345
0.281740
0.422288
0.496248
0.608269
0.697123
0.781879
1.018032
0.994375
1.198510
0.934997
0.644594
0.692637
0.580146
0.353426
0.363501
0.381018
0.168796
0.139969
0.293554
0.305021
0.272563
0.309138
0.565719
0.609015
0.444628
0.389880
0.232480
0.352638
0.289490
0.115498
0.259147
0.473376
0.564816
0.805517
0.828291
1.017139
1.183689
1.292497
1.304870
0.946123
0.835419
0.733472
0.510747
0.373087
0.193307
0.121275
0.240725
0.376113
0.614508
0.809541
0.877210
0.771567
0.908399
1.125528
0.916630
0.810943
1.019996
0.939986
0.709194
0.832553
0.955070
0.912954
0.749629
1.041463
1.188335
0.987888
0.844124
1.041701
0.915978
0.905473
0.761955
0.703421
0.692218
0.555103
0.647517
0.712799
0.835585
0.856651
0.948803
1.267109
1.165695
0.875185
0.803101
0.625590
0.478918
0.290183
0.183075
0.296245
0.381686
0.420602
0.431059
0.428234
0.239522
0.529843
0.411972
0.446529
0.494969
0.710300
0.772758
1.551984
1.737772
1.598827
1.965260
0.826627
2.352475
2.932332
2.327750
2.264784
2.950711
2.408435
0.833894
0.675824
0.883886
0.954671
1.168827
1.140462
1.392171
1.284336
0.948739
1.052312
1.098828
1.136326
0.915982
0.898407
0.977419
0.816293
0.793980
1.061890
0.989531
0.778881
0.883236
1.077233
0.936540
0.710701
0.657162
0.927383
1.141024
1.228028
1.037023
1.210329
1.221384
1.135005
1.252348
1.075938
1.078063
1.063937
0.936329
0.794263
0.853092
0.756897
0.540761
0.591615
0.725956
0.631456
0.498040
0.665254
0.863510
0.845966
0.823109
1.008183
1.058964
1.062310
1.160834
1.272495
1.297762
1.227820
1.219957
1.343508
1.520037
1.303398
1.220901
1.342405
1.471107
1.334998
1.217167
1.428573
1.435565
1.228170
1.320758
1.500359
1.444631
1.276031
1.270114
1.116657
1.166399
0.962548
1.019096
1.069393
0.911002
1.011822
1.077467
0.846936
1.095135
1.231881
1.023112
0.981291
1.233893
1.280367
1.115080
1.092191
1.386958
1.358472
1.212716
1.075189
0.878273
0.755670
0.639910
0.550781
0.594502
0.456604
0.552164
0.396317
0.348414
0.258903
0.431421
0.448858
0.518646
0.177617
0.189503
0.394013
0.358451
0.330485
0.502012
0.597391
0.566792
0.694118
0.547085
0.454085
0.309980
0.365268
0.384687
0.669452
0.559300
0.497275
0.338439
0.510496
0.499154
0.538206
0.241909
0.193269
0.498320
0.233591
0.238607
0.429864
0.298140
0.095519
0.204364
0.395029
0.438099
0.377715
0.425623
0.622938
0.714633
0.680937
0.704267
0.795135
0.970884
1.003869
0.960000
1.140045
1.263645
1.343877
1.368627
1.138669
1.020424
1.074710
1.050259
0.960564
0.796221
0.910518
0.849969
0.629575
0.760129
0.847896
0.649236
0.596300
0.641757
0.788666
0.900277
0.921920
1.072397
1.015075
0.797506
0.892744
1.069197
0.901289
0.793445
0.978759
1.036077
0.874398
0.855810
1.135794
1.044810
0.895984
0.776112
0.944103
1.110396
1.286546
1.400780
1.605828
1.675528
2.057099
2.134619
1.611919
1.564843
1.482752
1.183446
1.064648
0.920586
0.734919
0.661577
0.843620
0.910734
0.696256
0.647697
0.829600
0.728049
0.798057
0.932049
1.028938
1.091158
1.160758
1.339962
1.387388
1.687362
1.519774
1.519727
1.639241
1.569446
1.618069
1.611153
1.475839
1.445804
1.451496
1.645499
1.411421
1.335456
1.301779
1.323262
1.392095
1.373807
1.193419
1.078605
0.807480
0.885019
0.819099
0.926824
1.104080
1.392984
1.244470
1.294652
1.370756
1.436062
1.466636
1.631060
1.553220
1.347147
1.496629
1.565106
1.369163
1.240507
1.461689
1.419544
1.218394
1.210327
1.406495
1.352410
1.134370
1.241007
1.306509
1.158684
1.204645
1.058065
1.057043
1.019233
1.016572
0.836832
0.900399
0.859991
0.862691
0.825322
1.118103
0.927595
0.696790
0.605093
0.580964
0.737401
0.754257
1.009874
1.008974
1.152421
2.449435
1.229109
4.703420
4.990668
2.459668
5.163176
5.042180
1.577262
5.014425
3.943589
1.600342
6.906189
7.115128
4.071588
7.763546
10.808959
9.510041
11.594349
16.079655
15.375098
14.182156
18.821720
20.085516
18.440531
13.688551
15.995941
RMSD
Copy/paste all the input until here to the appropriate column.
Groupcount of wildtype is:
453
Groupcount of mutated is:
453
If the two preceding values are not the same than you have OXT (oxygen) and hydrogen atoms either in the end or beginning. Proceed with caution
Overall RMSD is:
2.878300
Please copy paste the value above in the appropriate cell
Thank you.
